382
525
707
821
270
518
637
376
802
487
287
824
440
476
251
291
443
345
664
342
264
391
650
593
603
256
741
334
347
337
829
777
267
229
564
429
656
210
386
777
566
544
683
195
625
568
614
669
751
256
485
225
799
207
763
280
487
412
705
289
301
817
436
246
703
763
337
232
574
797
355
558
406
323
439
755
256
470
319
686
204
517
515
641
355
211
239
254
262
228
187
203
240
272
592
258
356
621
357
763
687
306
541
494
394
505
245
172
408
762
320
260
165
130
199
181
385
455
637
667
692
443
227
438
118
145
545
674
636
408
264
176
230
709
308
731
231
462
331
503
531
605
499
354
646
420
640
317
291
538
217
111
503
112
201
315
633
534
156
84
329
112
445
597
302
321
649
381
270
601
176
206
273
166
512
524
72
579
392
511
300
257
426
673
608
635
425
305
249
439
472
503
659
391
456
323
462
319
81
358
288
56
261
559
85
540
228
164
503
331
250
264
50
585
386
44
286
650
69
247
175
365
32
529
180
561
574
216
617
616
298
550
429
581
425
436
446
518
512
249
585
523
-7
529
197
486
90
354
405
484
300
362
225
200
71
120
437
-2
573
7
578
39
547
491
190
293
494
284
325
266
525
262
560
285
186
52
469
11
133
585
124
199
25
68
114
421
372
534
132
24
264
456
497
520
495
220
359
86
-40
492
360
447
576
262
551
-67
323
77
438
431
363
547
-61
427
82
-5
141
377
403
-10
370
1
381
-3
-7
508
32
347
252
36
392
314
264
536
226
191
121
54
45
472
74
-67
136
327
167
54
457
211
420
474
1
-101
65
49
142
268
69
101
-108
356
-11
167
359
403
366
484
357
94
300
331
415
16
-10
-25
341
17
341
461
275
391
65
387
468
233
-123
-109
4
352
304
157
5
196
449
-118
124
465
198
53
343
335
67
327
301
430
214
177
-113
83
24
-93
67
419
158
301
58
-35
297
379
-82
399
406
341
50
-54
432
109
432
298
-146
195
-195
428
103
-38
151
203
3
229
114
256
-63
387
-7
220
299
144
103
208
387
340
194
354
308
116
262
-133
81
-118
381
-45
-167
-71
-207
114
194
-186
223
22
-95
374
-212
-10
-124
67
20
-240
-131
-214
-122
64
336
56
197
80
-6
282
140
-235
-17
-101
-73
290
13
76
117
-155
-245
226
196
124
206
84
194
-227
199
97
369
-171
178
8
-159
-133
-102
-44
354
48
79
222
53
272
-152
-163
71
238
115
180
109
-76
156
-175
101
274
-6
328
-177
147
20
210
172
-262
298
211
-140
-229
-85
-289
-201
-219
-39
291
311
294
202
-57
97
-85
191
152
-125
-125
150
-190
195
302
-190
-316
-202
76
-3
-15
-164
134
-177
223
-278
-339
210
62
237
-337
-75
-82
-285
38
-28
-52
-314
-163
-180
72
99
117
61
-331
279
17
244
-177
-40
175
-183
-249
-57
-332
-51
-232
15
-149
-300
-35
257
261
-19
-223
61
-224
87
251
-239
99
-100
-186
11
-40
-249
28
-2
-331
120
-96
55
166
-183
104
-197
-264
173
-352
236
-154
133
-380
-163
151
-144
-225
-250
-390
-373
-224
11
168
-259
57
-1
125
199
127
-338
203
70
-29
127
-129
-307
81
175
140
99
-98
-21
0
85
-327
132
-167
-352
-95
-307
-202
-137
150
-219
111
-228
-77
-3
171
-268
100
140
-180
-92
-26
16
-30
-84
139
-279
137
-410
-338
-25
-401
-57
-66
-312
66
-266
-343
-79
141
-33
-104
147
-204
-17
-356
133
-478
-140
-318
-316
-189
-374
-54
-339
-226
-441
-54
-329
-334
64
-98
-208
-447
-200
-119
-104
-20
-5
37
-264
-474
-461
-269
-149
-216
-413
-313
-308
57
74
103
-445
-373
-269
-81
85
-446
-206
-34
-382
-417
-401
-268
92
-73
-52
-431
-70
45
-534
-26
-387
-34
-130
-390
56
-373
-542
-293
-112
-525
-388
-473
-483
-16
-80
-296
-473
-538
-492
-194
-334
-342
-172
-118
-478
-163
-311
-150
-510
-421
-1
-337
-492
-434
-405
58
-207
-519
-195
-470
-392
-468
-512
34
-510
-363
-337
-335
-226
-515
-470
-271
-106
-209
-467
-86
-279
-387
-266
-445
-195
-222
-362
-408
-286
-66
-579
-505
-310
-3
-454
-326
-590
-409
-8
-576
-543
-539
-617
-224
-171
-336
-310
1
-614
-398
-326
-79
-608
-189
-580
-298
-242
-624
-319
-447
-328
-194
-41
-596
-194
-204
-546
-310
-642
-209
-488
-145
-588
-378
-132
-309
-196
-319
-467
-37
-116
-309
-550
-106
-534
-487
-19
-399
-182
-520
-484
-614
-182
-207
-436
-219
-286
-512
-419
-450
-210
-596
-535
-357
-443
-572
-299
-409
-562
-413
-183
-112
-411
-177
-95
-668
-212
-662
-548
-456
-637
-169
-247
-228
-688
-423
-233
-692
-648
-654
-293
-506
-278
-667
-181
-517
-647
-506
-188
-250
-522
-158
-151
-119
-500
-539
-447
-448
-375
-586
-202
-708
-667
-543
-287
-709
-363
-259
-452
-702
-329
-521
-128
-605
-592
-391
-597
-408
-227
-358
-113
-585
-128
-575
-452
-486
-377
-737
-405
-451
-137
-266
-683
-228
-387
-553
-254
-482
-220
-418
-764
-598
-324
-335
-479
-690
-428
-395
-300
-451
-587
-525
-495
-434
-752
-717
-538
-759
-557
-565
-715
-477
-326
-786
-631
-283
-531
-403
-753
-739
-698
-425
-365
-573
-733
-557
-281
-800
-386
-443
-655
-531
-610
-740
-537
-455
-729
-686
-339
-671
-448
-461
-519
-410
-788
-783
-318
-259
-478
-709
-726
-191
-635
-233
-550
-403
-585
-583
-251
-350
-592
-410
-453
-774
-585
-780
-450
-325
-428
-842
-679
-547
-204
-437
-331
-674
-527
-344
-341
-842
-433
-624
-299
-362
-430
-305
-716
-752
-548
-760
-458
-739
-712
-599
-729
-449
-862
-548
-661
-497
-733
-676
-481
-351
-807
-558
-336
-460
-865
-389
-361
-500
-509
-343
-823
-328
-253
-769
-646
-516
-401
-527
-317
-363
-834
-682
-385
-779
-410
-826
-635
-811
-703
-876
-510
-437
-388
-433
-410
-911
-507
-404
-733
-451
-905
-328
-800
-828
-543
-578
-864
-473
-629
-377
-416
-613
-422
-321
-420
-367
-841
-756
-513
-784
-467
-356
-389
-610
-459
-389
-492
-452
-826
-719
-914
-540
-713
-872
-606
-409
-493
-848
-724
-378
-518
-847
-574
-932
-336
-634
-917
-903
-673
-400
-827
-606
-525
-945
-748
-662
-897
-365
-421
-842
-855
-521
-719
-622
-586
-558
-429
-533
-533
-434
-656
-349
-716
-819
-854
-877
-691
-511
-850
-806
-936
-416
-529
-653
-618
-854
-707
-979
-377
-770
-862
-863
-943
-594
-547
-445
-440
-842
-921
-782
-922
-737
-611
-866
-577
-471
-1018
-676
-585
-982
-495
-485
-878
-763
-514
-637
-902
-710
-502
-798
-578
-450
-808
-513
-1036
-716
-797
-519
-810
-1000
-478
-1033
-480
-914
-926
-971
-938
-597
-819
-771
-910
-658
-507
-714
-606
-701
-655
-452
-938
-955
-912
-527
-860
-731
-710
-477
-782
-977
-733
-868
-485
-780
-454
-978
-663
-816
-1010
-988
-1062
-920
-813
-783
-751
-1071
-774
-513
-510
-1093
-604
-1006
-658
-626
-559
-549
-1026
-759
-1045
-843
-566
-909
-557
-581
-710
-727
-475
-764
-1012
-647
-1114
-1046
-1016
-482
-545
-743
-1090
-826
-1085
-817
-922
-720
-701
-802
-533
-535
-1074
-1035
-514
-753
-702
-994
-1139
-525
-1122
-1000
-822
-1131
-1060
-1122
-598
-507
-513
-1043
-982
-1071
-570
-887
-1111
-734
-1082
-810
-1027
-1111
-581
-795
-766
-1110
-781
-833
-1099
-606
-715
-840
-768
-992
-590
-812
-646
-1081
-705
-872
-784
-745
-849
-838
-928
-702
-840
-1044
-740
-1044
-725
-695
-1088
-961
-947
-1044
-1062
-1138
-920
-942
-653
-716
-1168
-607
-639
-804
-677
-841
-788
-947
-1110
-1097
-578
-953
-1185
-950
-982
-1112
-1047
-597
-1153
-1047
-1217
-993
-734
-804
-1060
-833
-876
-598
-1041
-589
-708
-726
-1156
-926
-1072
-1157
-1072
-806
-835
-992
-893
-1222
-801
-1187
-679
-1207
-696
-1161
-867
-967
-1097
-1025
-1114
-1097
-1187
-787
-1166
-626
-639
-802
-1077
-845
-1139
-1194
-1156
-960
-802
-1087
-1105
-1145
-1269
-1010
-803
-887
-683
-652
-701
-1043
-952
-1248
-959
-1097
-814
-941
-698
-1083
-1037
-936
-1195
-717
-901
-938
-1249
-950
-905
-657
-1163
-1247
-845
-754
-1237
-913
-1118
-794
-1257
-832
-912
-1136
-1095
-1097
-1036
-767
-762
-1246
-768
-1303
-925
-1202
-971
-806
-749
-1257
-1250
-724
-1315
-1133
-1121
-1294
-1009
-1174
-785
-708
-1002
-738
-1163
-1189
-896
-1260
-1135
-1093
-1104
-1049
-794
-919
-1320
-1157
-1148
-1003
-1054
-759
-1323
-903
-991
-1107
-993
-781
-1150
-1063
-1237
-1166
-745
-1110
-1073
-1213
-846
-866
-1232
-1066
-1023
-1368
-1270
-799
-792
-935
-969
-1180
-957
-1027
-1009
-807
-949
-1168
-1154
-985
-1217
-976
-1329
-855
-969
-954
-887
-971
-758
-1275
-927
-904
-1053
-942
-1170
-978
-989
-1315
-1214
-1026
-1157
-980
-1400
-1336
-800
-1230
-843
-887
-979
-1224
-1001
-1317
-928
-1040
-1395
-1146
-1378
-1249
-1210
-1373
-1040
-1412
-1167
-1405
-1400
-799
-1099
-1289
-1168
-1375
-1341
-1101
-1011
-963
-1041
-838
-1194
-1344
-1398
-1432
-1038
-1315
-1057
-1298
-1266
-1230
-1409
-1284
-1375
-1367
-959
-1064
-871
-1011
-1389
-1149
-1441
-1177
-1301
-1275
-1167
-1034
-1270
-1355
-1079
-1300
-929
-916
-1120
-893
-991
-971
-1105
-1314
-1186
-1131
-1208
-967
-975
-1329
-1408
-1405
-1052
-1297
-1419
-1038
-1264
-1430
-1066
-1423
-1336
-942
-1402
-1493
-1282
-1248
-1233
-942
-962
-1275
-1445
-1146
-1256
-1096
-1267
-1167
-1219
-1265
-1179
-1107
-1497
-1473
-1064
-1080
-901
-1164
-1403
-1129
-1382
-1131
-1385
-945
-1166
-1023
-1485
-999
-907
-1241
-1479
-1017
-1374
-1135
-1450
-1110
-907
-1478
-1493
-1409
-1123
-1016
-1458
-1258
-1329
-919
-1419
-1212
-1517
-1094
-951
-1157
-1444
-1476
-966
-1522
-1349
-1502
-1401
-1290
-1213
-1194
-1420
-996
-1367
-1269
-1245
-1391
-1220
-1309
-999
-1301
-1507
-1271
-1189
-1218
-1104
-1511
-1463
-1484
-1026
-1295
-1309
-1556
-981
-1199
-1090
-1387
-1577
-1091
-1260
-1242
-1191
-1021
-1099
-1104
-1313
-1161
-1532
-1527
-1417
-1493
-1415
-1551
-1454
-1570
-1580
-1164
-1365
-1557
-1297
-1268
-1286
-1256
-1603
-1330
-1596
-1263
-1442
-1530
-1219
-1076
-1303
-1345
-1577
-1197
-1055
-1284
-1313
-1012
-1213
-1535
-1612
-1287
-1216
-1601
-1106
-1244
-1519
-1235
-1602
-1220
-1105
-1102
-1458
-1336
-1338
-1043
-1298
-1352
-1378
-1212
-1507
-1483
-1123
-1066
-1458
-1372
-1345
-1254
-1456
-1133
-1468
-1465
-1421
-1323
-1223
-1520
-1399
-1304
-1094
-1625
-1236
-1306
-1107
-1603
-1311
-1141
-1550
-1228
-1466
-1512
-1179
-1176
-1522
-1630
-1618
-1497
-1502
-1301
-1291
-1566
-1312
-1140
-1288
-1355
-1400
-1202
-1590
-1410
-1127
-1659
-1268
-1247
-1131
-1269
-1352
-1163
-1606
-1554
-1477
-1461
-1587
-1168
-1442
-1291
-1089
-1335
-1197
-1124
-1317
-1126
-1351
-1565
-1154
-1250
-1729
-1089
-1246
-1524
-1524
-1199
-1594
-1613
-1691
-1660
-1420
-1197
-1279
-1151
-1158
-1583
-1385
-1636
-1191
-1593
-1320
-1484
-1240
-1345
-1261
-1221
-1433
-1525
-1248
-1117
-1443
-1338
-1574
-1693
-1168
-1717
-1342
-1299
-1230
-1444
-1545
-1763
-1662
-1599
-1741
-1647
-1679
-1618
-1744
-1345
-1511
-1502
-1627
-1696
-1337
-1194
-1319
-1685
-1478
-1230
-1447
-1150
-1666
-1671
-1160
-1203
-1474
-1577
-1738
-1572
-1675
-1772
-1448
-1650
-1331
-1642
-1351
-1406
-1435
-1599
-1417
-1326
-1747
-1557
-1376
-1624
-1566
-1224
-1600
-1772
-1367
-1806
-1262
-1381
-1585
-1355
-1705
-1819
-1822
-1262
-1439
-1788
-1264
-1244
-1304
-1664
-1665
-1752
-1781
-1599
-1231
-1604
-1827
-1590
-1324
-1422
-1511
-1779
-1412
-1323
-1649
-1230
-1551
-1367
-1541
-1383
-1739
-1600
-1661
-1755
-1761
-1405
-1650
-1857
-1236
-1732
-1589
-1291
-1826
-1533
-1256
-1245
-1311
-1365
-1836
-1673
-1489
-1822
-1416
-1829
-1502
-1356
-1423
-1752
-1860
-1320
-1670
-1818
-1601
-1355
-1358
-1846
-1402
-1776
-1797
-1389
-1426
-1745
-1734
-1331
-1325
-1406
-1570
-1307
-1505
-1320
-1300
-1773
-1526
-1592
-1355
-1857
-1887
-1441
-1526
-1749
-1664
-1623
-1289
-1396
-1805
-1508
-1721
-1648
-1309
-1619
-1442
-1479
-1302
-1629
-1626
-1292
-1375
-1607
-1321
-1621
-1369
-1393
-1774
-1900
-1917
-1751
-1750
-1637
-1367
-1322
-1832
-1389
-1814
-1459
-1785
-1498
-1524
-1832
-1607
-1427
-1730
-1408
-1468
-1571
-1474
-1957
-1573
-1689
-1442
-1480
-1382
-1443
-1956
-1418
-1840
-1494
-1560
-1599
-1800
-1773
-1827
-1492
-1522
-1946
-1711
-1436
-1351
-1373
-1539
-1438
-1542
-1513
-1716
-1852
-1874
-1565
-1771
-1408
-1753
-1880
-1960
-1369
-1594
-1575
-1774
-1824
-1766
-1800
-1820
-1869
-1468
-1547
-1995
-2006
-1931
-1431
-1643
-1556
-1587
-1708
-1431
-1628
-1793
-1947
-1942
-1522
-1543
-1850
-1783
-1389
-1878
-1954
-1437
-1937
-1552
-2020
-1972
-1938
-1651
-1484
-1891
-1571
-1594
-1751
-1564
-1988
-1864
-1893
-1437
-1639
-1983
-1493
-1525
-1818
-1695
-1575
-1415
-1761
-1735
-1746
-1978
-1530
-1593
-1791
-1479
-1787
-1506
-1795
-1837
-1991
-1566
-1897
-1789
-1834
-1962
-1824
-1979
-1533
-1834
-1812
-1634
-1507
-1868
-1547
-1682
-1500
-1748
-1824
-1844
-1536
-1655
-2011
-1518
-1680
-1577
-1717
-1919
-1616
-2040
-1791
-1560
-1974
-1994
-1723
-2011
-1924
-2072
-1554
-1635
-1909
-1684
-1796
-1823
-1816
-1671
-1683
-1742
-1999
-1998
-1654
-2092
-1910
-1822
-1836
-1996
-1990
-2037
-1765
-1686
-2071
-1501
-1790
-1549
-1856
-1793
-2018
-1887
-1837
-1678
-1880
-1789
-2008
-1944
-2116
-1761
-1669
-2059
-1635
-2025
-1962
-1590
-1924
-1564
-2114
-1691
-1935
-2067
-2131
-1823
-1970
-2048
-1797
-1785
-1940
-1906
-1900
-1988
-1524
-1947
-2139
-2024
-1794
-1593
-1610
-1945
-2063
-2045
-1835
-1884
-1616
-1569
-1568
-1955
-1647
-1616
-1889
-2017
-1694
-2132
-2174
-1892
-2166
-1914
-1721
-1764
-1734
-1643
-1674
-1683
-1662
-1787
-1698
-1966
-1600
-2045
-1726
-2123
-1594
-1660
-1949
-1938
-2195
-2025
-1716
-2114
-1784
-1980
-2110
-1590
-1685
-2187
-1640
-2071
-1972
-1976
-2020
-1806
-1995
-1678
-1797
-2077
-1960
-2193
-1954
-1807
-1684
-1968
-2225
-2007
-2166
-1802
-2024
-1981
-2165
-2085
-1654
-1733
-2049
-1793
-2060
-1751
-1790
-2209
-1928
-1950
-1771
-1609
-2076
-1898
-1611
-1794
-2097
-1891
-1841
-2091
-1740
-1803
-2116
-2011
-1857
-1848
-1657
-2070
-2141
-2186
-2217
-1964
-1787
-2078
-1822
-1864
-1639
-1757
-1871
-1993
-2231
-1741
-2211
-2096
-2084
-2246
-2094
-2133
-1874
-1702
-1881
-2037
-2175
-2284
-1955
-1803
-2055
-1924
-1984
-2218
-2164
-2123
-2045
-1837
-2057
-1916
-2118
-1922
-1803
-1802
-2308
-2141
-1805
-1819
-2192
-2216
-1703
-1742
-2168
-2239
-2136
-1826
-1876
-1883
-1977
-2252
-2027
-1789
-2306
-1691
-1998
-1744
-1847
-1914
-1726
-2100
-1845
-2050
-1861
-2044
-1752
-1912
-2196
-2306
-1882
-1964
-2012
-1795
-2208
-1900
-2170
-1944
-2184
-2159
-2075
-2275
-2220
-2117
-2330
-1905
-1964
-2145
-2273
-1906
-2112
-2257
-1786
-2165
-1784
-1981
-2361
-1770
-1756
-2171
-2125
-1960
-2344
-2284
-1944
-1768
-1739
-2284
-2164
-2337
-2174
-1917
-2253
-1873
-1908
-2070
-1842
-2064
-1770
-1861
-1938
-2327
-1776
-2133
-2068
-1987
-2190
-2334
-2097
-1903
-1911
-1867
-1775
-2349
-2048
-2196
-2266
-2083
-1941
-2230
-2079
-2372
-1839
-2009
-2274
-2409
-2330
-1913
-2354
-1999
-2344
-2265
-2066
-2180
-1960
-1859
-1941
-1798
-1965
-2109
-1991
-2004
-2012
-1822
-2113
-2115
-2027
-2021
-1883
-2280
-2256
-2132
-1987
-1817
-2255
-2071
-2345
-2060
-1823
-2388
-1818
-2129
-2417
-1918
-2082
-1886
-1868
-2129
-1823
-1967
-2260
-2034
-2087
-2030
-2136
-2300
-1887
-2405
-1896
-1968
-1982
-2041
-2321
-2469
-2187
-1863
-2411
-2217
-2174
-2005
-2293
-1887
-2385
-2340
-1897
-1922
-2355
-1985
-2359
-2329
-1898
-2081
-2466
-2138
-2189
-2078
-2481
-2214
-1955
-2147
-2208
-2042
-2018
-2291
-2229
-1938
-2279
-2249
-2115
-2179
-2450
-1930
-2289
-2295
-2375
-2278
-2214
-2060
-2225
-2276
-1928
-2312
-2003
-2465
-1916
-2245
-2434
-1932
-2526
-2319
-2242
-2356
-2067
-2062
-2203
-2150
-2036
-2044
-2479
-2298
-2131
-2130
-2308
-2193
-2510
-2372
-2012
-2498
-2044
-1986
-2113
-2478
-2248
-2043
-2011
-2141
-2090
-2487
-1950
-2073
-2520
-2551
-2047
-2305
-2403
-2359
-1946
-2544
-2359
-2204
-2099
-2022
-1980
-2057
-2324
-2390
-2075
-1989
-2392
-2128
-2164
-2526
-2327
-2516
-2500
-2275
-2471
-2475
-2019
-2053
-2270
-2002
-2268
-2132
-2428
-2441
-2054
-2456
-1998
-2403
-2434
-2361
-2124
-2250
-2512
-2237
-2175
-2053
-1980
-2511
-2026
-2570
-2051
-2229
-2224
-2381
-2276
-2573
-1983
-2432
-2438
-2294
-2177
-2524
-2121
-2536
-2568
-2312
-2448
-2620
-2384
-2231
-2081
-2604
-2535
-2158
-2436
-2050
-2128
-2488
-2403
-2227
-2078
-2587
-2068
-2161
-2555
-2536
-2644
-2326
-2354
-2060
-2149
-2505
-2590
-2423
-2150
-2647
-2587
-2192
-2022
-2026
-2521
-2559
-2542
-2053
-2165
-2167
-2352
-2644
-2523
-2395
-2233
-2034
-2038
-2401
-2191
-2241
-2082
-2356
-2416
-2332
-2320
-2595
-2188
-2147
-2491
-2500
-2231
-2687
-2315
-2271
-2414
-2569
-2149
-2583
-2108
-2541
-2654
-2477
-2624
-2572
-2695
-2625
-2125
-2368
-2237
-2674
-2508
-2083
-2222
-2685
-2336
-2610
-2204
-2498
-2293
-2608
-2430
-2690
-2419
-2211
-2223
-2726
-2444
-2176
-2274
-2524
-2287
-2185
-2120
-2311
-2122
-2623
-2561
-2101
-2225
-2740
-2305
-2476
-2642
-2266
-2704
-2727
-2626
-2468
-2200
-2497
-2566
-2250
-2422
-2247
-2172
-2673
-2127
-2311
-2124
-2119
-2423
-2483
-2495
-2408
-2332
-2757
-2692
-2673
-2402
-2354
-2435
-2560
-2301
-2432
-2279
-2382
-2520
-2420
-2543
-2341
-2421
-2358
-2680
-2585
-2324
-2283
-2632
-2424
-2432
-2542
-2765
-2510
-2434
-2179
-2713
-2281
-2490
-2586
-2689
-2289
-2432
-2424
-2246
-2214
-2634
-2750
-2206
-2545
-2307
-2212
-2611
-2196
-2384
-2437
-2589
-2328
-2299
-2655
-2305
-2555
-2678
-2200
-2220
-2228
-2680
-2365
-2452
-2274
-2200
-2580
-2808
-2237
-2610
-2352
-2364
-2569
-2346
-2788
-2774
-2452
-2356
-2710
-2385
-2362
-2712
-2210
-2352
-2424
-2557
-2607
-2447
-2637
-2707
-2775
-2431
-2231
-2402
-2554
-2654
-2667
-2389
-2345
-2603
-2649
-2282
-2728
-2708
-2441
-2844
-2738
-2716
-2699
-2251
-2811
-2663
-2494
-2618
-2562
-2543
-2801
-2405
-2370
-2433
-2777
-2791
-2458
-2454
-2366
-2567
-2542
-2357
-2581
-2361
-2296
-2828
-2892
-2583
-2866
-2459
-2532
-2558
-2896
-2329
-2852
-2399
-2293
-2516
-2453
-2863
-2560
-2291
-2459
-2461
-2368
-2535
-2768
-2685
-2636
-2839
-2490
-2577
-2508
-2658
-2283
-2739
-2546
-2300
-2666
-2393
-2531
-2550
-2780
-2366
-2352
-2645
-2786
-2780
-2832
-2821
-2847
-2886
-2647
-2311
-2442
-2468
-2743
-2313
-2344
-2882
-2898
-2662
-2687
-2443
-2840
-2897
-2550
-2845
-2606
-2822
-2618
-2401
-2370
-2566
-2884
-2515
-2420
-2944
-2628
-2446
-2872
-2666
-2799
-2939
-2372
-2457
-2730
-2515
-2449
-2617
-2543
-2554
-2906
-2761
-2755
-2808
-2844
-2880
-2836
-2762
-2763
-2573
-2954
-2493
-2673
-2438
-2485
-2857
-2406
-2613
-2884
-2941
-2610
-2912
-2973
-2648
-2509
-2629
-2756
-3001
-2507
-2955
-2596
-2401
-2420
-2624
-2684
-2447
-2721
-2604
-2899
-2738
-2628
-2684
-3007
-2976
-2794
-2544
-3005
-2412
-2827
-2825
-3027
-2862
-2911
-2797
-2468
-2932
-2858
-2720
-2529
-2535
-2935
-2949
-2668
-2784
-2817
-2834
-2869
-2863
-2537
-2574
-2449
-2484
-2675
-2608
-2725
-2770
-2684
-2707
-2873
-2550
-2613
-2777
-2717
-2976
-2535
-2561
-3023
-2768
-3068
-2708
-3021
-2504
-2636
-3028
-2732
-2987
-2905
-2975
-2975
-3050
-2940
-2934
-2546
-2658
-2733
-2921
-2598
-2818
-2587
-2558
-2677
-2508
-2577
-2455
-2967
-2945
-2470
-2758
-3093
-2706
-2485
-2497
-2799
-2701
-2749
-2942
-2479
-2766
-2545
-3050
-2640
-2856
-2583
-2594
-2573
-2729
-3065
-3073
-2575
-2877
-2965
-2844
-3097
-2873
-3015
-2514
-2982
-2689
-2498
-3007
-3068
-2995
-2947
-2896
-3098
-3037
-2496
-2810
-3002
-2887
-2847
-3084
-2928
-2505
-2885
-3101
-2716
-2780
-2982
-2876
-2850
-3028
-2708
-2876
-2865
-3037
-2800
-2522
-3048
-2989
-3076
-2869
-3025
-2662
-2805
-3161
-2846
-2863
-2706
-2812
-2600
-3119
-2664
-2610
-2581
-2548
-2630
-2624
-2848
-3149
-3040
-2770
-2658
-3105
-2814
-2870
-3041
-3025
-2646
-2599
-3064
-2654
-2552
-2844
-3181
-2888
-3052
-2616
-2762
-3004
-2634
-3123
-3083
-2777
-3111
-2963
-2776
-2860
-2911
-2868
-2753
-2711
-3031
-2620
-2995
-2767
-2934
-2769
-2636
-2588
-3184
-3137
-3072
-2972
-3005
-2826
-3177
-3061
-2820
-2876
-2783
-2639
-2761
-3075
-2682
-2934
-2985
-2652
-2896
-2694
-3076
-2737
-3138
-2945
-2719
-2949
-3116
-2669
-2621
-3005
-2835
-2947
-3106
-2911
-2636
-3004
-2893
-2774
-2890
-2999
-2839
-3029
-2709
-2872
-2764
-2749
-3252
-2876
-2851
-2938
-2692
-2750
-2758
-2898
-2688
-3124
-2865
-3004
-3086
-3146
-3280
-3221
-2801
-2687
-2690
-2687
-2954
-3048
-2704
-2664
-2653
-2949
-3247
-2916
-2908
-2840
-3103
-2741
-3079
-2963
-2893
-3075
-3029
-3090
-2956
-2751
-2793
-2939
-3124
-2971
-3011
-2939
-3028
-3305
-2908
-3272
-3267
-2771
-2737
-2938
-2972
-3271
-3223
-3087
-2891
-2710
-3212
-3029
-2779
-2781
-2859
-2828
-3233
-2909
-2864
-2744
-3128
-3104
-3046
-3313
-2885
-3195
-3087
-2955
-2751
-2861
-2815
-2961
-3216
-2828
-3132
-3334
-2817
-2769
-3203
-3046
-3118
-3088
-2899
-3333
-2753
-3174
-2951
-3218
-2939
-2818
-3184
-2759
-3280
-2911
-2730
-3098
-2966
-3105
-3243
-3003
-2814
-2920
-3139
-3177
-2810
-2978
-3135
-3371
-3158
-3097
-3221
-2958
-2757
-3064
-3136
-2758
-3265
-3113
-3351
-2791
-3067
-2825
-2883
-2927
-3287
-3135
-3023
-3039
-3385
-3315
-2850
-2961
-3146
-3190
-2985
-3326
-3160
-3105
-3160
-2834
-3272
-3268
-2862
-3287
-3314
-3039
-2830
-3362
-3324
-3191
-2918
-3390
-3342
-2805
-3195
-3045
-3265
-2964
-2899
-2926
-3278
-2983
-3157
-2945
-2813
-3091
-3222
-2883
-3368
-2991
-3228
-3008
-2946
-3401
-3336
-2905
-3339
-3043
-2895
-2953
-3094
-2936
-2899
-3099
-3084
-3150
-3299
-3007
-3205
-3233
-3242
-2987
-2885
-2866
-2861
-3040
-2895
-3342
-3412
-3452
-2845
-2956
-2871
-3025
-3297
-3243
-3260
-3159
-3086
-2949
-3013
-3058
-3034
-3444
-3074
-2855
-3069
-3414
-3381
-3419
-3222
-3215
-3260
-3476
-3429
-3013
-3256
-3145
-3229
-2954
-3108
-3081
-3054
-3471
-3395
-3466
-3335
-3189
-2971
-3147
-3007
-3190
-3266
-3396
-3440
-3504
-3377
-2946
-3224
-3049
-3522
-3302
-3079
-3494
-3188
-3490
-3511
-3442
-3409
-3500
-3487
-3377
-3489
-3315
-3462
-3217
-3210
-3185
-3379
-3280
-3154
-3168
-3039
-3245
-3030
-2911
-3010
-3131
-3338
-3044
-3066
-3514
-3064
-3201
-3303
-3046
-3307
-3304
-3513
-3390
-3510
-3092
-3277
-3406
-3355
-3033
-3112
-3436
-3440
-3553
-3173
-3515
-3457
-3269
-3527
-3556
-3482
-3185
-3582
-3054
-3152
-3477
-3361
-3458
-3445
-3251
-3476
-3134
-3342
-3274
-3285
-3054
-3190
-3327
-3022
-3570
-3246
-3395
-3038
-3440
-3601
-3263
-3592
-3290
-3132
-3141
-3486
-3475
-3210
-3337
-3077
-3484
-3544
-3062
-3610
-3273
-3127
-3135
-3079
-3109
-3541
-3015
-3148
-3374
-3103
-3401
-3293
-3376
-3426
-3258
-3080
-3486
-3061
-3472
-3538
-3627
-3053
-3264
-3063
-3492
-3242
-3230
-3626
-3152
-3438
-3210
-3287
-3406
-3026
-3170
-3112
-3594
-3225
-3648
-3565
-3406
-3062
-3196
-3424
-3554
-3586
-3083
-3553
-3177
-3663
-3377
-3556
-3516
-3582
-3599
-3509
-3203
-3161
-3568
-3106
-3139
-3275
-3656
-3419
-3122
-3672
-3558
-3400
-3680
-3537
-3613
-3295
-3291
-3162
-3445
-3304
-3396
-3339
-3197
-3378
-3689
-3599
-3539
-3278
-3640
-3447
-3396
-3564
-3127
-3271
-3566
-3518
-3694
-3621
-3508
-3270
-3232
-3467
-3676
-3509
-3628
-3441
-3318
-3306
-3125
-3394
-3132
-3258
-3571
-3146
-3658
-3603
-3546
-3644
-3716
-3706
-3415
-3499
-3133
-3621
-3132
-3614
-3474
-3534
-3523
-3487
-3630
-3425
-3303
-3396
-3336
-3593
-3347
-3312
-3649
-3408
-3269
-3333
-3435
-3591
-3253
-3543
-3266
-3345
-3379
-3437
-3351
-3241
-3645
-3646
-3138
-3506
-3231
-3232
-3740
-3647
-3462
-3370
-3160
-3516
-3606
-3713
-3566
-3558
-3288
-3335
-3482
-3240
-3692
-3752
-3585
-3767
-3498
-3212
-3211
-3702
-3771
-3535
-3677
-3327
-3803
-3234
-3528
-3391
-3550
-3653
-3321
-3698
-3762
-3785
-3587
-3341
-3669
-3538
-3780
-3196
-3819
-3424
-3616
-3435
-3645
-3322
-3352
-3430
-3247
-3366
-3462
-3727
-3692
-3444
-3217
-3640
-3825
-3754
-3567
-3381
-3481
-3279
-3432
-3398
-3580
-3624
-3300
-3617
-3239
-3629
-3604
-3494
-3714
-3700
-3586
-3626
-3444
-3431
-3481
-3262
-3811
-3511
-3765
-3744
-3460
-3459
-3688
-3309
-3621
-3498
-3232
-3463
-3321
-3480
-3798
-3366
-3689
-3364
-3438
-3823
-3544
-3464
-3555
-3582
-3599
-3724
-3880
-3455
-3791
-3609
-3490
-3323
-3607
-3703
-3384
-3889
-3655
-3299
-3772
-3518
-3894
-3766
-3583
-3361
-3346
-3565
-3553
-3628
-3296
-3814
-3557
-3834
-3823
-3535
-3845
-3766
-3722
-3645
-3424
-3477
-3682
-3456
-3482
-3656
-3859
-3499
-3387
-3555
-3775
-3606
-3553
-3384
-3872
-3911
-3766
-3436
-3538
-3871
-3559
-3860
-3864
-3430
-3559
-3471
-3627
-3507
-3589
-3558
-3811
-3373
-3568
-3913
-3482
-3498
-3487
-3642
-3908
-3469
-3816
-3826
-3426
-3729
-3716
-3468
-3487
-3571
-3785
-3908
-3886
-3762
-3900
-3381
-3501
-3355
-3961
-3572
-3631
-3827
-3850
-3630
-3892
-3882
-3874
-3973
-3691
-3471
-3689
-3483
-3579
-3896
-3573
-3814
-3407
-3402
-3691
-3851
-3860
-3754
-3478
-3467
-3370
-3958
-3448
-3444
-3787
-3649
-3504
-3728
-3682
-3937
-3928
-3594
-3672
-3429
-3385
-3504
-3652
-3644
-4018
-3446
-3380
-3585
-3462
-3958
-3833
-3548
-3877
-3880
-3641
-3970
-3772
-3424
-3582
-3409
-3612
-3484
-3898
-3749
-3927
-3518
-3806
-3994
-3572
-4031
-3920
-3588
-3862
-4007
-3778
-3938
-3768
-3667
-3690
-3441
-4033
-3845
-4026
-3440
-3433
-3935
-3666
-3826
-3545
-3576
-3561
-3734
-3985
-3695
-3896
-3458
-4003
-3452
-3452
-3646
-3682
-3691
-3624
-3797
-3863
-3802
-3827
-3929
-3668
-4016
-3749
-3674
-3944
-4003
-3526
-3611
-3492
-3534
-3577
-3890
-4022
-3916
-3962
-3476
-3537
-3951
-3762
-4039
-4046
-3892
-3979
-3820
-3690
-4020
-3559
-3724
-3966
-3679
-3662
-3769
-4060
-3524
-3543
-4071
-4111
-3686
-3756
-3632
-3651
-3601
-3492
-4090
-3768
-3822
-3946
-4039
-3765
-4044
-3584
-4088
-3948
-3635
-3681
-3919
-3741
-3688
-3553
-3653
-3542
-3989
-3927
-3536
-3660
-4028
-3782
-3862
-4044
-3869
-3556
-3518
-3579
-3631
-3896
-3650
-3646
-4114
-4036
-3977
-3678
-3868
-3753
-3863
-4113
-3656
-3699
-3857
-3765
-3928
-4035
-4017
-3660
-3533
-4044
-3878
-3910
-3930
-4095
-3890
-3931
-3558
-4072
-4009
-3765
-3938
-3860
-3754
-3917
-3743
-3885
-3577
-3605
-3796
-3719
-4012
-3931
-3919
-3788
-3613
-4109
-4043
-3838
-3648
-4060
-3942
-3730
-3600
-3882
-3694
-3707
-3792
-3787
-4023
-4127
-3798
-3984
-3932
-4106
-3741
-3611
-3935
-3730
-3884
-4038
-3702
-3708
-4084
-3958
-3952
-3725
-4208
-3663
-4045
-4108
-3964
-4215
-3933
-4076
-4189
-3954
-4003
-4098
-3707
-4119
-3784
-3767
-4099
-3913
-3959
-4134
-4221
-4152
-3684
-3829
-3990
-3949
-3812
-3905
-3869
-3901
-3837
-3872
-3896
-4121
-3773
-4185
-4215
-3873
-4189
-4091
-3942
-3638
-3664
-3668
-4185
-4086
-3947
-4277
-3666
-4028
-3905
-3811
-3757
-4282
-4210
-3990
-3756
-3777
-3877
-4265
-3959
-3692
-4173
-3794
-4278
-3675
-3770
-3686
-4173
-3867
-3757
-4243
-3856
-4281
-3687
-3964
-3721
-4302
-3765
-3905
-3858
-4109
-3770
-3787
-4112
-3932
-4041
-3877
-3920
-4180
-3876
-4183
-3863
-4235
-4233
-4130
-4122
-3919
-4000
-4265
-4297
-4281
-3730
-3865
-3832
-3839
-4282
-4324
-4318
-4217
-3721
-3939
-4190
-3895
-3828
-4160
-4099
-4038
-3732
-3773
-4029
-4350
-4162
-4169
-4036
-4172
-4306
-3719
-4305
-4313
-4215
-3757
-3947
-4359
-3775
-4118
-4238
-3992
-3851
-3743
-4030
-4370
-3949
-3900
-3969
-3904
-4139
-3948
-4129
-4305
-4040
-3788
-4337
-3871
-3771
-3800
-3948
-3929
-4303
-4069
-3882
-4224
-4255
-3855
-4339
-3993
-3799
-3808
-3862
-4204
-3991
-3985
-3994
-3779
-4100
-4134
-4179
-3878
-4240
-3808
-4169
-4130
-4361
-3864
-4414
-4214
-4290
-4414
-3903
-3805
-3887
-3843
-3789
-4110
-4164
-3795
-4017
-4075
-4109
-4419
-3843
-4177
-3963
-3983
-3873
-4321
-3830
-4211
-4287
-4099
-4136
-4009
-4190
-4212
-4246
-4121
-3854
-4097
-4156
-3931
-4197
-4251
-4056
-3841
-4233
-4131
-4068
-3959
-4089
-3990
-3955
-3858
-4178
-4379
-4093
-4059
-4129
-3892
-4440
-3954
-4180
-4171
-4197
-4156
-4245
-4358
-3843
-3999
-4167
-4120
-4066
-4433
-4311
-4227
-4230
-4365
-3991
-4460
-3902
-3938
-4216
-4441
-4122
-3862
-4122
-4321
-4362
-4421
-3960
-3902
-4471
-4089
-3971
-4006
-4100
-4420
-4080
-4509
-3984
-4135
-4066
-3947
-4122
-4317
-3906
-4091
-4017
-4381
-4435
-4148
-4001
-4418
-3934
-4399
-4301
-4071
-4240
-4225
-4248
-4217
-3944
-4411
-4396
-4086
-3993
-4425
-3930
-4439
-4158
-4141
-4211
-4074
-4006
-4154
-3951
-4336
-4463
-4385
-4268
-4211
-4495
-4551
-4122
-3982
-4269
-4390
-4242
-4021
-4397
-4174
-4388
-4218
-4190
-4241
-4027
-4149
-4278
-4527
-4493
-4220
-4550
-4212
-4097
-4527
-4207
-4105
-4099
-4573
-4389
-4049
-4348
-4059
-4467
-4353
-4354
-4239
-4325
-4449
-4112
-4156
-4164
-4119
-4282
-4476
-4021
-4588
-4570
-4052
-4550
-4381
-4313
-4263
-4449
-4054
-4103
-4300
-4002
-4353
-4145
-4401
-4548
-4468
-4057
-4121
-4596
-4226
-4258
-4177
-4569
-4349
-4369
-4447
-3988
-4290
-4323
-4059
-4109
-4503
-4468
-4237
-4376
-4299
-4011
-4297
-4311
-4181
-4502
-4329
-4616
-4489
-4382
-4047
-4594
-4443
-4571
-4273
-4632
-4139
-4212
-4638
-4149
-4549
-4396
-4252
-4555
-4474
-4183
-4595
-4380
-4236
-4508
-4396
-4648
-4308
-4399
-4288
-4663
-4438
-4319
-4106
-4626
-4670
-4105
-4564
-4223
-4132
-4479
-4326
-4296
-4144
-4078
-4092
-4627
-4044
-4547
-4626
-4100
-4347
-4217
-4175
-4313
-4626
-4494
-4149
-4553
-4283
-4597
-4428
-4374
-4699
-4596
-4432
-4067
-4088
-4532
-4506
-4298
-4231
-4166
-4237
-4316
-4668
-4700
-4350
-4343
-4290
-4079
-4133
-4461
-4617
-4288
-4229
-4704
-4342
-4551
-4575
-4106
-4446
-4427
-4561
-4170
-4638
-4689
-4278
-4122
-4107
-4381
-4670
-4661
-4302
-4543
-4292
-4701
-4576
-4132
-4537
-4152
-4692
-4243
-4610
-4669
-4266
-4268
-4689
-4553
-4474
-4295
-4296
-4672
-4715
-4153
-4647
-4710
-4123
-4474
-4418
-4756
-4526
-4563
-4681
-4713
-4353
-4588
-4750
-4271
-4755
-4331
-4191
-4657
-4760
-4711
-4722
-4231
-4614
-4197
-4651
-4328
-4397
-4447
-4437
-4677
-4442
-4229
-4163
-4471
-4721
-4415
-4647
-4252
-4290
-4362
-4702
-4666
-4575
-4320
-4648
-4363
-4780
-4286
-4435
-4660
-4423
-4239
-4229
-4596
-4544
-4188
-4789
-4280
-4595
-4377
-4470
-4309
-4633
-4415
-4606
-4568
-4807
-4702
-4781
-4510
-4445
-4578
-4300
-4282
-4200
-4368
-4519
-4433
-4593
-4336
-4250
-4396
-4278
-4744
-4514
-4215
-4353
-4509
-4530
-4393
-4413
-4776
-4575
-4849
-4558
-4459
-4409
-4580
-4728
-4509
-4243
-4296
-4664
-4670
-4585
-4760
-4644
-4701
-4482
-4412
-4847
-4812
-4400
-4613
-4473
-4574
-4670
-4659
-4482
-4882
-4482
-4734
-4870
-4269
-4587
-4869
-4455
-4688
-4744
-4788
-4272
-4563
-4601
-4673
-4452
-4553
-4680
-4791
-4755
-4409
-4787
-4871
-4350
-4454
-4631
-4640
-4280
-4768
-4738
-4882
-4726
-4912
-4290
-4631
-4675
-4280
-4517
-4799
-4342
-4911
-4635
-4502
-4451
-4356
-4519
-4821
-4896
-4476
-4306
-4506
-4350
-4793
-4641
-4669
-4698
-4704
-4773
-4758
-4721
-4596
-4517
-4710
-4648
-4426
-4816
-4445
-4312
-4891
-4794
-4716
-4522
-4628
-4740
-4718
-4856
-4815
-4664
-4935
-4585
-4538
-4629
-4550
-4916
-4907
-4505
-4430
-4911
-4866
-4947
-4649
-4946
-4414
-4869
-4744
-4671
-4347
-4790
-4833
-4433
-4658
-4726
-4372
-4610
-4594
-4866
-4940
-4640
-4486
-4750
-4973
-4458
-4991
-4829
-4558
-4726
-4528
-4803
-4880
-4658
-4934
-4408
-4383
-4505
-4752
-4738
-4872
-4888
-4655
-4509
-4792
-4639
-4525
-4639
-4565
-4472
-4720
-4531
-4854
-4681
-4903
-4756
-4538
-4739
-4425
-4759
-4928
-4935
-4433
-4562
-4594
-4895
-4476
-4491
-4584
-4985
-4439
-4674
-4628
-4638
-4631
-4818
-4870
-4841
-4785
-4956
-4681
-5005
-4956
-4898
-4959
-4582
-4794
-4865
-4767
-4839
-4445
-4771
-5033
-4763
-4529
-5004
-4741
-4513
-4845
-4675
-4962
-4938
-4734
-4653
-4874
-4503
-5056
-4827
-4581
-4675
-4504
-4836
-4614
-4620
-5034
-4801
-4815
-4904
-4722
-4843
-5065
-4988
-4906
-5053
-4532
-5019
-4804
-4905
-4495
-4980
-4695
-4925
-4891
-4899
-4909
-4602
-5000
-4794
-4795
-4474
-5012
-4680
-4601
-4571
-4793
-5008
-4929
-4822
-4765
-4973
-5059
-4515
-4596
-4656
-4568
-4571
-4544
-4573
-4923
-4629
-4790
-4647
-5121
-4875
-4642
-4554
-4550
-4617
-4518
-4975
-4850
-4846
-4515
-4942
-4989
-5096
-4970
-4785
-4905
-4536
-4793
-4881
-4578
-5024
-5023
-5021
-4811
-4637
-5085
-4847
-4891
-4874
-4875
-5053
-4970
-4571
-4966
-4773
-4687
-4633
-4727
-4972
-4731
-4902
-4972
-5121
-4628
-5119
-4806
-4653
-4707
-4718
-4903
-4792
-4568
-5090
-5108
-4767
-4777
-5149
-4622
-4760
-4687
-4601
-4999
-5052
-4868
-5179
-4615
-4615
-5107
-5193
-5154
-4672
-5072
-4707
-4774
-4726
-4819
-4601
-4741
-4726
-4980
-4572
-4685
-4856
-4986
-5092
-4798
-4901
-4771
-5109
-4861
-5177
-5223
-4931
-4652
-4668
-4686
-4912
-4737
-4903
-4851
-4789
-4998
-5053
-5232
-5188
-5067
-4861
-4728
-5024
-5110
-5036
-4873
-4751
-5032
-4976
-4975
-5199
-5079
-5009
-4670
-5184
-5073
-4690
-4860
-5245
-4853
-5140
-5097
-5011
-4648
-4970
-5159
-5059
-5111
-4848
-5037
-5081
-4697
-4908
-5128
-4832
-4904
-4931
-5102
-5009
-4965
-4678
-5213
-5114
-4799
-5030
-4707
-4701
-5062
-4705
-4851
-4996
-5215
-4753
-5014
-4851
-5259
-4923
-4821
-4868
-4792
-4936
-4960
-5285
-4875
-4926
-4987
-5229
-5004
-4871
-5297
-5234
-4742
-5083
-5225
-5169
-4978
-5173
-5025
-4998
-5103
-5119
-5088
-4925
-4804
-4812
-5236
-4997
-5196
-4887
-4730
-5170
-5172
-5261
-4719
-5070
-5291
-4884
-4704
-5167
-5014
-5117
-4705
-4858
-4788
-5022
-5130
-4716
-5192
-4842
-5130
-4832
-4904
-5253
-5265
-5189
-5090
-4823
-5338
-4870
-5239
-4967
-5280
-4985
-4772
-4979
-5003
-5059
-4946
-4967
-4934
-5311
-4917
-5313
-4812
-4783
-4953
-4990
-5261
-4911
-5142
-5372
-5109
-5351
-4992
-5163
-4946
-5015
-5157
-5382
-5320
-4938
-5037
-4785
-5187
-4792
-4809
-4772
-5120
-4806
-4783
-5310
-5115
-5270
-5180
-5079
-5147
-5171
-4868
-5068
-4956
-5092
-5184
-4931
-5352
-5112
-5362
-5346
-5144
-5170
-4789
-4812
-4817
-5394
-5126
-4977
-4915
-5199
-5175
-4926
-5221
-4853
-5352
-4982
-4924
-5281
-5421
-5159
-5085
-5084
-5002
-4864
-5403
-5182
-5045
-5139
-5025
-4927
-5055
-5150
-5179
-5103
-4966
-5286
-4825
-4981
-5200
-5266
-5046
-4991
-4976
-5010
-4984
-5042
-4923
-5024
-4827
-5360
-5208
-5218
-5228
-5303
-5208
-5222
-5315
-5134
-5314
-4880
-5270
-4901
-4961
-5182
-4921
-5475
-5267
-5003
-5286
-5248
-5029
-5405
-4863
-5044
-5388
-5430
-5169
-5119
-5491
-5322
-4913
-4859
-4952
-5007
-5019
-5028
-5427
-5127
-5407
-5017
-5194
-5126
-4931
-4948
-5371
-5446
-5313
-5215
-5337
-5414
-5459
-5332
-5203
-5075
-4938
-5404
-5355
-5486
-5063
-5076
-5519
-5292
-5079
-5310
-5323
-5242
-5395
-5144
-5502
-5026
-5501
-5216
-5500
-5123
-5151
-5219
-5490
-5529
-5110
-4914
-4936
-5357
-5032
-5480
-5400
-5426
-5341
-5247
-4935
-4912
-5090
-5013
-5149
-5238
-4953
-5489
-4964
-5021
-5030
-5537
-5515
-5312
-4946
-5240
-5289
-4955
-5200
-4987
-5094
-5452
-5411
-5332
-5067
-5072
-5394
-5105
-5014
-5130
-5288
-5349
-5461
-5320
-4962
-5504
-4965
-5467
-5528
-5570
-5484
-5004
-5563
-5233
-5284
-5234
-5245
-5102
-5113
-5527
-5238
-5551
-5095
-5595
-5044
-5431
-5491
-5457
-5292
-5584
-5360
-5501
-5533
-5370
-5616
-5442
-5382
-5467
-5487
-5413
-5363
-5308
-5220
-5233
-5574
-5433
-5020
-5309
-5149
-5480
-5012
-5017
-5360
-5636
-5593
-5216
-5401
-5473
-5277
-5012
-5019
-5278
-5431
-5161
-5424
-5304
-5538
-5416
-5383
-5076
-5147
-5248
-5136
-5283
-5462
-5151
-5455
-5455
-5048
-5362
-5127
-5604
-5182
-5567
-5508
-5464
-5390
-5415
-5477
-5423
-5276
-5378
-5515
-5535
-5170
-5219
-5187
-5253
-5400
-5116
-5288
-5604
-5578
-5160
-5672
-5673
-5121
-5368
-5053
-5354
-5478
-5535
-5576
-5475
-5539
-5182
-5330
-5080
-5392
-5528
-5458
-5103
-5220
-5327
-5359
-5596
-5302
-5586
-5417
-5623
-5349
-5202
-5693
-5396
-5143
-5366
-5624
-5367
-5673
-5138
-5192
-5624
-5200
-5399
-5243
-5670
-5185
-5454
-5282
-5535
-5417
-5432
-5201
-5551
-5197
-5662
-5134
-5509
-5229
-5690
-5250
-5530
-5113
-5319
-5679
-5289
-5723
-5272
-5683
-5443
-5179
-5230
-5703
-5327
-5737
-5426
-5523
-5330
-5719
-5319
-5187
-5707
-5417
-5288
-5414
-5706
-5760
-5635
-5449
-5438
-5204
-5686
-5175
-5526
-5298
-5357
-5715
-5586
-5426
-5364
-5289
-5755
-5145
-5597
-5773
-5572
-5565
-5592
-5529
-5617
-5764
-5718
-5789
-5485
-5769
-5517
-5322
-5465
-5168
-5323
-5573
-5775
-5312
-5410
-5390
-5586
-5653
-5534
-5502
-5640
-5729
-5237
-5710
-5404
-5178
-5695
-5458
-5415
-5178
-5184
-5571
-5213
-5341
-5693
-5658
-5730
-5700
-5731
-5753
-5276
-5591
-5323
-5787
-5774
-5798
-5293
-5762
-5703
-5376
-5765
-5508
-5501
-5752
-5512
-5619
-5823
-5719
-5639
-5226
-5641
-5495
-5227
-5618
-5610
-5374
-5695
-5433
-5289
-5705
-5700
-5281
-5225
-5676
-5281
-5670
-5413
-5239
-5851
-5612
-5682
-5524
-5730
-5273
-5410
-5713
-5244
-5245
-5467
-5769
-5475
-5273
-5489
-5730
-5843
-5252
-5650
-5385
-5310
-5446
-5280
-5357
-5786
-5852
-5392
-5377
-5750
-5468
-5370
-5761
-5267
-5604
-5820
-5892
-5657
-5667
-5551
-5450
-5398
-5287
-5584
-5836
-5752
-5546
-5556
-5353
-5864
-5603
-5878
-5489
-5868
-5920
-5804
-5750
-5584
-5329
-5913
-5889
-5622
-5692
-5882
-5422
-5577
-5661
-5925
-5399
-5429
-5882
-5577
-5583
-5592
-5771
-5398
-5638
-5629
-5446
-5463
-5621
-5674
-5549
-5345
-5484
-5873
-5723
-5884
-5902
-5565
-5699
-5786
-5576
-5719
-5331
-5376
-5505
-5739
-5700
-5334
-5676
-5359
-5822
-5952
-5576
-5834
-5432
-5621
-5820
-5892
-5471
-5828
-5946
-5764
-5428
-5929
-5554
-5439
-5488
-5927
-5908
-5368
-5863
-5617
-5783
-5481
-5883
-5939
-5647
-5587
-5744
-5765
-5793
-5551
-5937
-5989
-5844
-5440
-5513
-5710
-5771
-5950
-5682
-5625
-5928
-5972
-5977
-5735
-5608
-5954
-5624
-5625
-5578
-5854
-5720
-6014
-5954
-5652
-5703
-5847
-5645
-5819
-5540
-5872
-5413
-5886
-5515
-5577
-5800
-5660
-5542
-5828
-5589
-5520
-5988
-5807
-6038
-5969
-5745
-5865
-5526
-5881
-5915
-5579
-5860
-5911
-5860
-5861
-5557
-5759
-5699
-5993
-5934
-5860
-5889
-5558
-6060
-6049
-6009
-5748
-6067
-5929
-5568
-5605
-5955
-5486
-5917
-6001
-5917
-6046
-5507
-5682
-6047
-5521
-6036
-5646
-5748
-5560
-5459
-5508
-5746
-5650
-5983
-5887
-5799
-5675
-5970
-6096
-5773
-5488
-6095
-5982
-6004
-5687
-5824
-5795
-5576
-5475
-5776
-5888
-5520
-5661
-5692
-6094
-5698
-5725
-6109
-5874
-5531
-5637
-5672
-5952
-6030
-5768
-5534
-5532
-5810
-5680
-5574
-5529
-6065
-5617
-5563
-6097
-6024
-5863
-5696
-5968
-5640
-5974
-5543
-6075
-5717
-5754
-5980
-5799
-6087
-5874
-6020
-5596
-6045
-6143
-5987
-5810
-5673
-5709
-5835
-5735
-5624
-5871
-5557
-5591
-5830
-6085
-5771
-5567
-5980
-6093
-5966
-5713
-5803
-6071
-6112
-5557
-5851
-5826
-5763
-5785
-5549
-5772
-6024
-6074
-5981
-6130
-5679
-5800
-5594
-6069
-5581
-5723
-5551
-5875
-5861
-5845
-5688
-6176
-5573
-6172
-5839
-5807
-5636
-5891
-6023
-5572
-6032
-5595
-5660
-5646
-5822
-5871
-5599
-6170
-5861
-5854
-5715
-5814
-6100
-5916
-5914
-6037
-5674
-5779
-5716
-5746
-6188
-5647
-6030
-5918
-5922
-5775
-5826
-5910
-5893
-5909
-5719
-5821
-5830
-5798
-6208
-5718
-5817
-5718
-6171
-6182
-6241
-6126
-6119
-5678
-5671
-5767
-5874
-5612
-6005
-6091
-6073
-6065
-5613
-6256
-5788
-6216
-5840
-5679
-5920
-5800
-6224
-6233
-5969
-5777
-5682
-5742
-5931
-6124
-5668
-6031
-5667
-6137
-6154
-5963
-6046
-5954
-5760
-6260
-6209
-5641
-6123
-6040
-6070
-6205
-6138
-5879
-5657
-6234
-6247
-6223
-6198
-6108
-5969
-6017
-5742
-6070
-6017
-5829
-6081
-5684
-5703
-5804
-6126
-5936
-5888
-6076
-6053
-5758
-5825
-5932
-5914
-5720
-5952
-5977
-5688
-6066
-6004
-5746
-6144
-5719
-6135
-6137
-5806
-6156
-5730
-5803
-6184
-5963
-5694
-5940
-5748
-6214
-5836
-5840
-5950
-5824
-5783
-6229
-5980
-5971
-5944
-5757
-5919
-6019
-6076
-5962
-5740
-5751
-5925
-5741
-5895
-6036
-6274
-6035
-6148
-6288
-6131
-6068
-6331
-6341
-5792
-6308
-6035
-5764
-5885
-5956
-6059
-6270
-6230
-5829
-5899
-5920
-6252
-5769
-5819
-5802
-5786
-6284
-5858
-6340
-6120
-6209
-5759
-5755
-6033
-6254
-5940
-6182
-6076
-6087
-6087
-5805
-5915
-5911
-6056
-6076
-6288
-6351
-5893
-6346
-5924
-6139
-5787
-5763
-6119
-6310
-5812
-5842
-6224
-6371
-6185
-6155
-5793
-5860
-5964
-5795
-5985
-6374
-6290
-6242
-6293
-6078
-5814
-5971
-5848
-6085
-6296
-5886
-6387
-5899
-5855
-5853
-5914
-5977
-6000
-5972
-5961
-6169
-6110
-5807
-6235
-6332
-6227
-6392
-6307
-5994
-5893
-6215
-6216
-6348
-6230
-6080
-6385
-6220
-6191
-6079
-6023
-5938
-6106
-5873
-5913
-6170
-6351
-6052
-6011
-6373
-6395
-5900
-6431
-6189
-6121
-6352
-6414
-6319
-6340
-6438
-6406
-5859
-6110
-6282
-6380
-5952
-6478
-6241
-5986
-6031
-6184
-6219
-5961
-6433
-6237
-5890
-5988
-5937
-6345
-5972
-6089
-6175
-6287
-6488
-6447
-6347
-6047
-6255
-6472
-6264
-6287
-6032
-6443
-6425
-5936
-6433
-5926
-6229
-6111
-6412
-6479
-6210
-5992
-6269
-6239
-6379
-6403
-6134
-6079
-6048
-6327
-6440
-6103
-5972
-5993
-5918
-6005
-6402
-6141
-5980
-6189
-6092
-6417
-6427
-6380
-6519
-6227
-6035
-6013
-6234
-6304
-5996
-6178
-6387
-6271
-6550
-6426
-6056
-6202
-6255
-6473
-6516
-5922
-6353
-6386
-6527
-6146
-6528
-5992
-6124
-6382
-6216
-6015
-6402
-6008
-6509
-6055
-6353
-6497
-6011
-6381
-6049
-6533
-6403
-6447
-6490
-6567
-6533
-6010
-6179
-6062
-6150
-6441
-6028
-5965
-6266
-6005
-6529
-6237
-6559
-5961
-6482
-6202
-6186
-6594
-6485
-6056
-6344
-6134
-6554
-6266
-6112
-6107
-6016
-6400
-6329
-6251
-6492
-6326
-6539
-6479
-6534
-6465
-6337
-6196
-6441
-6576
-6472
-6154
-6591
-6236
-6451
-6267
-6371
-6015
-6504
-6002
-6564
-6520
-6517
-6233
-6043
-6202
-6426
-6087
-6307
-6265
-6598
-6229
-6642
-6499
-6053
-6434
-6444
-6068
-6500
-6440
-6415
-6497
-6263
-6045
-6138
-6251
-6660
-6181
-6137
-6185
-6525
-6621
-6359
-6419
-6657
-6274
-6244
-6139
-6201
-6511
-6674
-6075
-6501
-6380
-6224
-6675
-6558
-6239
-6146
-6281
-6644
-6223
-6533
-6627
-6447
-6322
-6584
-6122
-6323
-6491
-6271
-6419
-6575
-6361
-6439
-6333
-6274
-6544
-6476
-6241
-6229
-6161
-6586
-6402
-6535
-6132
-6254
-6362
-6592
-6524
-6466
-6510
-6129
-6510
-6548
-6351
-6557
-6518
-6240
-6393
-6201
-6266
-6534
-6479
-6690
-6102
-6134
-6724
-6475
-6369
-6101
-6340
-6141
-6358
-6279
-6550
-6207
-6551
-6204
-6647
-6124
-6170
-6433
-6516
-6315
-6744
-6182
-6517
-6570
-6315
-6755
-6748
-6672
-6236
-6705
-6181
-6385
-6160
-6447
-6618
-6197
-6754
-6552
-6170
-6369
-6475
-6275
-6417
-6250
-6727
-6360
-6720
-6224
-6740
-6649
-6733
-6346
-6518
-6451
-6729
-6302
-6671
-6404
-6500
-6413
-6203
-6335
-6462
-6608
-6445
-6466
-6264
-6542
-6471
-6533
-6782
-6424
-6212
-6716
-6638
-6277
-6533
-6289
-6697
-6690
-6704
-6597
-6603
-6303
-6306
-6429
-6759
-6368
-6793
-6604
-6532
-6320
-6735
-6551
-6559
-6658
-6809
-6776
-6419
-6541
-6663
-6806
-6704
-6620
-6302
-6728
-6206
-6306
-6666
-6576
-6455
-6413
-6722
-6248
-6430
-6664
-6269
-6630
-6786
-6553
-6439
-6302
-6757
-6352
-6679
-6237
-6639
-6658
-6832
-6593
-6508
-6464
-6230
-6432
-6852
-6567
-6504
-6534
-6552
-6247
-6438
-6801
-6567
-6613
-6504
-6400
-6775
-6326
-6547
-6817
-6833
-6625
-6653
-6622
-6827
-6415
-6286
-6560
-6731
-6375
-6576
-6390
-6851
-6891
-6796
-6666
-6624
-6313
-6293
-6479
-6383
-6338
-6627
-6731
-6787
-6777
-6415
-6768
-6451
-6788
-6829
-6584
-6321
-6403
-6882
-6342
-6724
-6726
-6553
-6904
-6695
-6413
-6730
-6614
-6911
-6753
-6869
-6779
-6548
-6677
-6322
-6833
-6333
-6927
-6365
-6844
-6667
-6766
-6777
-6410
-6657
-6817
-6322
-6391
-6600
-6861
-6815
-6344
-6732
-6760
-6790
-6347
-6533
-6645
-6366
-6666
-6818
-6476
-6760
-6889
-6359
-6937
-6724
-6659
-6931
-6835
-6752
-6373
-6391
-6331
-6893
-6948
-6840
-6685
-6927
-6558
-6377
-6365
-6963
-6798
-6879
-6397
-6741
-6458
-6762
-6900
-6849
-6853
-6350
-6894
-6936
-6727
-6478
-6710
-6653
-6828
-6647
-6421
-6768
-6572
-6905
-6916
-6383
-6561
-6679
-6502
-6603
-7008
-6651
-6381
-6708
-6766
-6674
-6626
-6786
-6996
-6604
-6559
-6988
-6823
-6880
-6420
-6468
-6473
-6869
-6749
-6968
-6846
-6779
-6687
-6579
-6465
-6585
-6393
-6989
-6763
-6956
-6819
-6828
-6646
-6706
-6473
-6800
-6948
-7031
-6562
-6465
-6592
-6744
-6437
-6413
-6891
-6452
-6773
-6896
-6482
-6675
-6787
-6960
-6741
-6426
-6893
-6942
-6880
-6473
-6982
-6762
-7021
-6485
-6624
-6712
-6872
-6824
-6455
-6499
-6798
-6598
-6642
-6901
-6699
-6554
-7011
-6842
-6811
-6808
-6958
-6871
-6820
-7047
-7056
-6605
-6520
-6677
-6736
-6718
-6922
-6557
-6870
-6818
-6881
-6494
-6700
-6896
-7047
-6655
-6818
-6505
-6903
-6964
-6640
-6944
-6944
-6840
-6487
-6732
-6861
-6522
-6758
-6957
-6536
-6786
-6641
-6869
-6868
-7111
-6509
-6645
-6881
-7105
-6727
-6988
-6919
-6552
-7038
-7009
-7042
-7034
-6731
-6606
-6898
-6728
-6744
-7133
-7012
-6605
-6661
-6558
-6830
-6973
-7129
-7020
-6681
-6780
-7076
-6641
-6708
-6579
-6545
-6789
-6724
-6594
-6638
-6945
-7052
-7033
-7058
-6933
-6804
-7036
-6644
-6926
-6828
-7148
-6594
-6846
-6844
-6586
-6907
-7020
-7157
-6810
-6571
-6826
-6772
-6788
-6588
-6643
-7150
-6587
-6753
-7096
-6857
-7158
-7013
-6583
-7006
-6626
-7125
-7041
-6675
-6779
-6935
-6980
-6599
-7084
-6712
-7035
-7057
-6864
-7067
-6869
-6946
-6614
-6997
-7006
-7123
-7000
-6765
-6609
-7190
-7103
-6693
-6803
-7068
-6957
-6584
-7176
-7026
-6809
-7200
-7089
-6739
-6600
-7199
-6921
-7116
-6790
-6618
-7147
-6738
-7115
-7056
-7145
-6832
-7204
-6855
-7198
-7090
-6649
-7231
-6854
-6910
-6620
-6662
-6656
-7171
-6771
-7186
-6727
-6869
-6642
-7251
-6675
-6799
-6988
-7079
-6796
-7061
-6899
-6886
-7125
-7177
-7254
-6909
-7099
-6703
-6828
-6893
-6751
-7278
-7028
-6919
-6885
-7065
-7024
-6951
-7063
-6854
-6910
-7260
-7184
-6992
-6912
-6711
-7213
-6923
-6960
-7087
-6937
-6974
-6859
-7096
-7102
-6859
-7142
-7254
-6988
-6877
-6826
-6947
-7048
-7109
-6786
-7197
-7073
-6998
-7220
-7201
-6825
-7213
-6697
-6916
-7018
-6911
-6883
-6727
-6972
-6873
-6939
-7191
-7170
-7050
-7311
-6836
-6897
-6990
-6753
-6813
-7250
-7081
-6874
-6895
-7055
-7140
-7140
-7091
-6870
-7077
-7013
-7235
-7303
-7095
-7182
-7318
-6769
-6774
-7045
-7081
-7310
-7037
-6835
-6993
-6733
-6883
-6908
-7130
-7239
-6879
-7314
-7110
-6760
-7098
-7360
-6907
-6743
-7031
-7145
-6908
-6781
-7241
-7028
-6873
-6959
-7246
-6752
-6761
-6966
-7091
-7122
-7368
-7054
-6837
-7384
-7340
-6798
-7044
-7127
-6782
-7350
-6820
-6775
-6867
-7192
-6838
-7130
-7037
-6794
-7344
-7283
-6869
-7146
-6834
-7092
-7122
-6774
-7203
-7155
-7266
-7258
-6803
-6938
-7309
-6860
-6868
-7373
-7362
-6805
-7055
-7084
-7242
-6905
-7023
-6928
-7188
-6821
-7367
-7222
-6861
-6980
-7369
-7327
-6826
-7048
-7319
-6845
-6998
-7405
-7241
-7153
-7093
-6811
-6903
-6823
-6976
-7078
-7384
-6914
-7009
-7143
-7092
-7432
-7191
-7102
-6843
-7160
-7189
-7163
-7037
-6951
-6940
-7026
-7020
-7355
-7234
-7312
-6983
-7402
-6934
-7374
-7184
-7108
-7383
-7426
-6864
-7318
-7108
-6844
-6916
-7475
-6909
-7001
-7309
-7461
-6978
-7208
-6974
-7475
-7492
-7470
-7092
-7326
-7358
-7111
-7319
-7022
-7430
-7182
-6903
-7125
-7247
-6875
-7177
-7283
-7115
-7264
-7491
-7411
-7442
-7217
-7360
-7189
-7201
-7471
-7350
-7131
-7364
-6970
-7387
-7094
-7126
-7165
-6976
-7451
-7114
-7489
-7305
-6909
-7397
-7468
-7508
-7322
-6997
-7501
-7315
-7042
-7337
-7027
-7545
-7178
-7148
-7013
-6928
-7432
-7498
-7545
-7450
-7387
-7158
-7452
-7169
-7047
-7265
-7314
-7354
-7231
-7318
-7355
-7181
-7191
-7134
-7049
-7307
-7071
-7275
-7421
-6967
-7353
-6939
-7247
-7510
-7445
-7293
-7572
-7075
-7151
-7393
-7188
-7105
-7280
-7003
-7470
-7181
-7296
-7419
-7480
-7027
-7093
-7001
-7352
-7059
-7409
-7151
-7088
-7099
-7470
-7481
-7138
-7068
-6996
-6996
-7233
-7142
-7038
-7405
-7443
-7250
-7424
-7482
-7605
-7193
-7094
-7091
-7205
-7452
-7333
-7032
-7269
-7124
-7130
-7578
-7205
-7284
-7469
-7422
-7046
-7300
-7182
-7146
-7455
-7088
-7069
-7421
-7344
-7277
-7575
-7101
-7032
-7165
-7199
-7497
-7365
-7640
-7390
-7525
-7441
-7570
-7363
-7127
-7179
-7286
-7020
-7101
-7280
-7321
-7606
-7073
-7267
-7179
-7164
-7125
-7243
-7285
-7109
-7331
-7171
-7118
-7648
-7484
-7171
-7644
-7248
-7673
-7222
-7648
-7570
-7433
-7538
-7403
-7559
-7654
-7253
-7070
-7461
-7598
-7312
-7396
-7449
-7566
-7229
-7203
-7187
-7688
-7527
-7577
-7557
-7599
-7198
-7706
-7237
-7360
-7153
-7188
-7558
-7246
-7401
-7127
-7403
-7479
-7419
-7234
-7201
-7669
-7229
-7646
-7541
-7580
-7221
-7474
-7363
-7278
-7273
-7492
-7669
-7472
-7144
-7616
-7641
-7492
-7258
-7305
-7454
-7435
-7103
-7101
-7601
-7392
-7350
-7141
-7512
-7653
-7419
-7576
-7601
-7257
-7675
-7739
-7429
-7430
-7203
-7336
-7754
-7744
-7595
-7398
-7641
-7448
-7760
-7198
-7646
-7551
-7332
-7749
-7661
-7289
-7561
-7614
-7177
-7706
-7721
-7226
-7600
-7322
-7665
-7350
-7445
-7263
-7210
-7521
-7785
-7625
-7199
-7785
-7651
-7781
-7768
-7388
-7567
-7724
-7163
-7471
-7211
-7575
-7689
-7795
-7772
-7635
-7669
-7192
-7477
-7686
-7669
-7438
-7511
-7413
-7758
-7580
-7543
-7338
-7408
-7674
-7617
-7276
-7183
-7622
-7232
-7258
-7580
-7259
-7420
-7320
-7728
-7277
-7192
-7282
-7651
-7453
-7421
-7303
-7375
-7624
-7333
-7672
-7775
-7272
-7221
-7335
-7619
-7471
-7810
-7737
-7484
-7838
-7641
-7564
-7355
-7599
-7651
-7636
-7569
-7785
-7223
-7854
-7247
-7314
-7677
-7312
-7624
-7803
-7320
-7278
-7692
-7599
-7547
-7592
-7828
-7366
-7746
-7586
-7857
-7612
-7739
-7784
-7672
-7870
-7868
-7565
-7861
-7299
-7709
-7613
-7257
-7268
-7529
-7322
-7566
-7472
-7428
-7755
-7480
-7561
-7544
-7340
-7801
-7632
-7475
-7617
-7711
-7597
-7815
-7390
-7281
-7564
-7436
-7374
-7763
-7550
-7814
-7777
-7306
-7844
-7592
-7551
-7658
-7397
-7878
-7380
-7474
-7529
-7902
-7591
-7736
-7756
-7306
-7445
-7320
-7363
-7704
-7717
-7827
-7567
-7644
-7743
-7814
-7615
-7721
-7555
-7752
-7897
-7568
-7944
-7870
-7734
-7820
-7358
-7717
-7463
-7951
-7750
-7928
-7626
-7839
-7589
-7632
-7828
-7390
-7842
-7590
-7816
-7401
-7475
-7605
-7605
-7372
-7441
-7728
-7467
-7748
-7663
-7671
-7610
-7664
-7690
-7660
-7599
-7911
-7383
-7961
-7856
-7436
-7410
-7961
-7981
-7938
-7883
-7677
-7613
-7369
-7400
-7656
-7990
-7856
-7514
-7367
-7556
-7472
-7865
-7525
-7688
-7408
-7446
-7877
-7849
-7563
-7664
-7380
-7749
-7991
-7539
-7569
-7677
-7383
-7787
-7648
-7502
-7970
-7605
-7446
-7905
-7712
-7797
-7419
-7468
-7676
-7488
-7471
-7618
-7637
-7822
-7708
-7854
-7628
-7885
-7771
-7720
-7634
-7415
-7869
-7954
-7574
-7613
-7840
-7990
-7768
-7883
-7475
-7662
-7539
-7864
-7792
-8039
-7628
-8037
-7471
-7931
-7511
-7555
-7970
-7935
-7827
-7638
-7953
-8058
-7491
-7523
-7962
-7504
-7588
-7452
-7835
-7463
-7612
-7447
-7867
-7547
-7633
-7531
-7727
-7713
-7975
-8024
-7848
-7995
-7876
-7677
-7877
-7664
-7587
-7516
-7692
-7570
-7668
-8012
-7463
-7981
-7750
-7657
-8085
-7510
-7765
-7559
-7823
-7902
-7825
-8035
-7687
-7562
-8077
-7781
-8054
-8057
-7683
-7638
-8021
-7561
-7667
-7577
-7530
-8081
-7976
-7550
-7912
-8016
-7972
-7624
-7571
-7898
-7819
-7720
-7696
-8085
-7783
-7955
-8129
-7991
-7544
-8018
-7594
-7896
-7509
-7559
-8113
-7902
-7838
-7805
-7648
-7618
-7717
-7597
-8156
-7798
-7595
-7742
-8111
-7670
-8132
-7947
-8155
-8063
-7876
-7759
-8047
-8118
-7914
-7582
-7926
-7718
-8133
-7661
-8009
-7814
-7896
-7727
-7833
-8070
-7899
-7701
-7760
-7596
-7719
-8188
-8020
-7995
-7988
-7852
-7834
-7920
-7729
-7750
-7988
-7784
-7767
-8110
-7739
-7647
-7982
-7605
-7723
-7591
-8133
-7695
-7588
-7690
-7867
-8031
-8145
-7736
-8002
-8019
-8091
-7888
-8101
-8104
-7664
-7634
-8142
-7956
-8112
-8183
-7682
-7939
-7992
-7966
-8182
-8144
-8085
-8063
-7653
-7940
-7857
-8175
-7967
-8005
-7910
-7957
-7919
-8199
-8202
-8017
-8241
-8101
-7700
-8027
-7742
-8147
-8064
-7991
-8137
-7880
-7993
-8148
-7695
-7837
-7873
-7735
-7746
-8252
-8236
-7794
-7724
-7667
-7663
-8163
-8209
-8216
-7809
-7781
-8108
-8032
-7687
-8132
-7669
-8179
-8199
-8035
-8084
-7656
-8101
-7867
-7874
-8048
-7974
-7858
-8084
-7921
-8233
-7700
-8198
-7991
-8013
-8044
-7947
-7891
-8288
-7973
-7967
-8213
-8052
-7987
-8156
-7741
-7904
-8151
-7901
-7687
-8278
-7747
-8274
-7875
-8141
-8091
-7987
-8006
-8045
-8037
-8214
-8134
-7963
-7706
-7838
-8249
-7804
-7889
-8070
-7964
-7938
-8168
-7856
-7939
-8265
-7934
-7782
-8264
-7719
-7897
-7770
-8283
-7921
-7791
-8144
-8032
-8064
-7938
-7904
-8329
-7873
-8087
-7997
-8213
-8183
-7801
-7841
-7947
-8055
-7974
-8348
-7980
-8343
-8313
-7936
-7838
-7763
-7750
-8324
-7843
-8049
-8167
-8145
-8156
-8143
-8273
-7772
-7796
-8094
-7906
-8193
-8027
-8024
-7805
-7868
-8315
-8183
-7904
-7900
-8175
-7773
-8281
-8232
-7811
-7912
-7959
-8151
-8389
-8233
-8203
-7933
-7892
-7998
-7778
-8056
-8313
-8381
-8019
-8394
-7938
-8354
-8196
-8081
-7792
-8297
-8016
-7808
-8267
-7852
-8057
-7811
-8358
-7803
-8091
-8248
-8084
-8265
-8185
-8237
-8079
-8094
-8057
-7864
-7858
-7974
-7798
-8335
-8096
-7905
-7804
-8223
-8285
-8053
-7926
-8156
-8168
-7914
-8071
-7851
-8435
-8173
-8251
-8016
-8194
-8375
-8421
-7898
-7952
-8066
-7872
-8088
-8012
-8057
-8210
-8389
-8456
-8060
-8415
-8274
-8084
-8397
-8445
-7936
-8186
-8408
-8227
-7843
-8008
-8415
-8331
-8225
-8081
-8354
-8369
-8025
-8261
-7887
-8176
-7927
-8293
-8049
-8322
-7989
-8421
-8497
-8049
-7921
-8283
-8134
-8329
-7945
-8428
-8298
-8352
-8344
-8422
-8407
-8415
-8039
-8252
-7915
-7936
-8223
-7940
-8388
-8088
-8325
-8110
-8213
-8234
-8249
-8346
-7948
-8400
-8278
-7888
-8408
-8251
-8418
-7955
-8281
-8454
-8374
-8414
-8262
-8233
-8516
-8049
-8050
-7931
-8072
-8154
-8157
-7978
-8270
-8039
-8223
-8221
-8467
-8102
-8011
-8147
-7929
-8470
-8116
-8495
-8143
-8385
-8113
-8503
-8045
-8169
-8488
-8166
-8031
-8543
-8245
-8372
-8128
-8203
-8073
-8042
-8565
-8470
-8475
-7973
-8201
-8029
-7994
-7964
-8315
-8213
-8163
-8395
-8127
-8232
-8203
-8333
-8234
-7995
-8496
-7976
-8488
-8152
-8392
-8494
-8323
-8163
-8017
-8378
-8162
-8558
-8347
-8285
-8491
-8003
-8281
-8592
-8416
-8116
-8247
-8126
-8376
-8080
-8299
-8450
-8040
-8577
-8544
-8409
-8366
-8408
-8104
-8339
-8560
-8345
-8481
-8576
-8104
-8531
-8283
-8101
-8028
-8564
-8575
-8469
-8306
-8115
-8030
-8574
-8332
-8611
-8623
-8535
-8387
-8124
-8012
-8266
-8617
-8647
-8039
-8557
-8445
-8314
-8293
-8654
-8298
-8213
-8404
-8411
-8265
-8132
-8196
-8301
-8541
-8573
-8660
-8298
-8299
-8498
-8525
-8252
-8469
-8386
-8103
-8401
-8225
-8190
-8361
-8263
-8660
-8572
-8165
-8380
-8119
-8623
-8126
-8436
-8177
-8390
-8367
-8442
-8461
-8069
-8378
-8271
-8530
-8303
-8286
-8336
-8312
-8462
-8582
-8291
-8131
-8166
-8656
-8128
-8366
-8707
-8107
-8376
-8710
-8617
-8292
-8629
-8639
-8389
-8339
-8634
-8651
-8686
-8255
-8126
-8705
-8678
-8394
-8366
-8105
-8250
-8533
-8607
-8435
-8658
-8439
-8337
-8504
-8147
-8687
-8562
-8122
-8731
-8687
-8545
-8296
-8315
-8515
-8235
-8564
-8165
-8583
-8248
-8251
-8659
-8367
-8747
-8463
-8468
-8343
-8654
-8355
-8419
-8579
-8735
-8549
-8443
-8763
-8271
-8176
-8346
-8530
-8640
-8750
-8374
-8545
-8603
-8561
-8456
-8713
-8545
-8508
-8295
-8169
-8156
-8638
-8721
-8759
-8195
-8400
-8681
-8192
-8206
-8523
-8409
-8344
-8677
-8338
-8666
-8444
-8726
-8190
-8217
-8317
-8365
-8782
-8627
-8196
-8456
-8659
-8602
-8270
-8724
-8267
-8703
-8504
-8686
-8547
-8746
-8406
-8616
-8638
-8469
-8304
-8404
-8341
-8602
-8411
-8447
-8365
-8614
-8256
-8205
-8418
-8548
-8500
-8221
-8651
-8218
-8619
-8354
-8536
-8323
-8585
-8579
-8248
-8299
-8803
-8342
-8817
-8256
-8840
-8338
-8238
-8620
-8413
-8229
-8818
-8428
-8303
-8471
-8299
-8332
-8785
-8430
-8236
-8734
-8332
-8417
-8733
-8804
-8252
-8632
-8292
-8476
-8657
-8531
-8382
-8818
-8245
-8333
-8400
-8330
-8827
-8425
-8697
-8741
-8864
-8346
-8762
-8501
-8779
-8574
-8750
-8775
-8780
-8897
-8553
-8619
-8404
-8358
-8267
-8454
-8268
-8413
-8794
-8400
-8845
-8494
-8421
-8441
-8438
-8409
-8315
-8849
-8892
-8526
-8579
-8763
-8280
-8392
-8699
-8834
-8615
-8406
-8835
-8885
-8755
-8621
-8333
-8930
-8350
-8772
-8508
-8457
-8375
-8589
-8448
-8489
-8680
-8460
-8494
-8378
-8431
-8306
-8597
-8341
-8454
-8619
-8907
-8549
-8793
-8707
-8536
-8695
-8946
-8792
-8485
-8371
-8808
-8898
-8529
-8778
-8659
-8587
-8788
-8430
-8703
-8778
-8846
-8729
-8426
-8774
-8899
-8696
-8429
-8793
-8378
-8360
-8569
-8690
-8789
-8392
-8383
-8719
-8791
-8699
-8751
-8814
-8577
-8472
-8423
-8636
-8408
-8876
-8747
-8914
-8795
-8556
-8862
-8706
-8405
-8467
-8660
-8615
-8817
-8416
-8855
-8850
-8680
-8660
-8404
-8650
-8636
-8718
-9018
-8784
-8838
-8868
-8478
-8433
-8779
-8981
-8891
-8420
-8495
-8950
-8933
-8847
-8463
-8695
-8538
-8920
-8464
-8992
-8908
-8509
-9009
-8851
-8755
-8434
-8736
-8683
-8722
-8642
-8981
-8678
-8875
-8831
-8865
-8898
-8734
-8557
-8537
-8480
-8860
-8424
-8601
-8784
-8472
-8885
-8984
-8864
-8580
-8735
-8835
-8813
-9035
-9050
-8701
-8624
-8776
-8571
-8842
-8775
-8924
-8895
-8699
-8933
-8440
-8767
-8733
-8834
-8521
-8835
-8779
-8780
-8731
-9046
-8718
-8517
-9051
-8698
-9063
-8666
-8492
-8759
-8978
-8999
-8806
-8914
-8980
-8692
-9096
-8636
-8724
-8939
-9005
-8909
-8746
-9105
-9050
-8909
-8965
-8802
-8904
-8760
-8679
-8916
-8683
-8746
-8530
-8917
-8699
-8553
-8855
-8820
-8675
-8785
-8939
-8899
-9037
-8589
-8636
-9090
-8527
-8708
-8615
-8742
-9140
-9101
-9131
-8835
-8659
-9041
-8836
-8636
-8952
-8635
-9135
-8906
-8762
-8876
-8754
-8892
-8952
-8890
-9073
-8681
-8975
-9089
-8911
-8685
-8532
-9021
-8573
-8556
-8985
-9120
-9078
-8938
-8870
-8979
-9000
-8994
-9021
-8995
-8576
-8913
-9090
-9074
-8932
-8906
-9019
-8671
-8813
-9111
-8684
-8972
-8834
-9170
-8836
-8766
-9064
-8703
-8888
-8898
-8736
-8968
-8700
-8980
-8730
-8977
-8989
-8632
-8861
-8666
-8816
-8721
-9040
-8972
-9065
-9082
-8884
-8643
-9172
-8990
-8771
-8942
-8861
-8719
-8962
-9122
-8879
-9014
-8686
-9145
-8625
-9225
-9203
-8917
-8838
-9144
-9071
-9010
-8654
-9028
-9143
-8642
-8778
-8865
-8974
-8675
-8721
-8610
-8988
-9193
-8664
-9060
-9202
-9057
-8746
-9150
-9214
-8809
-8927
-8810
-8711
-8728
-9061
-8864
-8628
-9193
-8658
-9143
-9111
-9194
-9173
-8724
-9049
-8833
-8662
-9079
-8867
-8674
-8711
-8762
-9045
-8851
-9088
-8924
-9135
-8715
-8992
-9267
-9162
-8962
-8971
-8803
-8714
-8824
-8788
-8983
-8978
-9117
-8859
-9059
-8878
-8808
-9167
-8905
-8762
-9234
-8749
-9080
-9193
-9003
-9195
-8759
-9051
-9269
-8761
-8967
-8974
-9040
-8777
-8923
-9136
-9134
-8915
-9064
-9095
-8727
-8797
-8688
-9018
-8754
-9233
-9045
-9059
-8703
-9009
-9186
-8787
-9181
-8837
-8921
-9292
-8739
-9285
-8802
-9017
-9085
-9312
-9089
-8819
-9245
-8842
-9183
-9188
-9351
-9128
-8786
-9224
-9047
-9036
-8895
-9145
-9106
-8998
-9062
-8914
-8940
-8969
-9105
-9012
-9341
-9004
-8808
-9174
-9200
-8949
-9259
-9171
-9221
-9366
-8743
-9000
-9351
-9334
-8799
-8958
-8940
-8880
-8820
-9107
-8969
-9227
-9257
-8838
-9166
-8936
-8827
-8921
-8907
-8846
-9141
-8968
-8859
-9128
-9328
-9298
-9256
-9200
-9218
-8833
-9208
-9216
-9141
-8919
-9379
-9286
-8788
-9293
-9397
-9075
-8817
-9111
-9238
-8868
-9087
-9255
-9396
-8931
-9122
-8820
-9103
-9017
-8984
-8815
-9313
-9261
-9353
-9089
-9179
-9167
-9382
-8890
-9123
-9244
-9245
-9234
-9230
-9183
-8946
-9126
-9306
-9296
-8960
-9186
-8867
-8945
-9123
-8970
-9122
-9086
-8894
-9345
-8945
-8909
-8988
-9176
-9346
-9237
-9169
-9469
-9313
-9242
-9182
-9286
-9061
-9387
-9400
-9288
-8929
-8985
-8924
-9386
-9179
-9328
-8894
-9367
-9418
-9427
-9488
-9150
-9107
-9440
-8895
-8887
-8949
-8935
-8967
-9390
-8979
-8964
-9335
-9159
-8868
-9038
-9386
-9164
-9016
-9060
-9087
-9142
-9261
-9304
-8936
-9171
-9122
-8941
-9458
-9469
-9109
-9479
-9212
-9174
-9288
-9280
-8908
-9413
-9245
-9032
-9521
-9082
-8974
-9261
-9096
-9005
-9007
-9022
-9104
-9238
-9003
-8926
-9373
-9394
-9462
-9042
-9286
-9091
-8951
-8996
-8949
-9143
-9011
-9497
-9239
-9132
-9235
-9253
-9114
-9033
-9402
-9007
-9520
-8947
-8952
-9023
-9231
-9324
-9129
-9155
-9282
-9329
-9151
-9185
-9194
-9360
-9544
-9307
-8955
-9195
-8963
-9568
-9537
-9353
-9066
-9001
-9440
-9311
-9089
-9022
-9378
-9286
-9296
-9341
-9289
-8999
-8972
-9444
-9405
-9241
-9267
-8993
-9192
-8958
-9602
-9427
-9472
-9340
-9416
-9227
-9261
-9082
-9213
-9498
-9004
-9498
-9609
-9236
-9307
-9060
-9591
-9237
-9172
-9325
-9377
-9520
-9602
-9366
-9584
-9587
-9506
-9449
-9094
-9576
-9182
-9219
-9514
-9572
-9492
-9155
-9410
-9234
-9388
-9272
-9476
-9210
-9021
-9595
-9542
-9288
-9481
-9591
-9176
-9318
-9282
-9330
-9278
-9503
-9265
-9621
-9628
-9176
-9447
-9548
-9279
-9180
-9297
-9348
-9285
-9068
-9399
-9244
-9277
-9588
-9342
-9552
-9309
-9632
-9655
-9573
-9573
-9064
-9650
-9632
-9117
-9511
-9107
-9575
-9455
-9567
-9676
-9208
-9168
-9144
-9129
-9628
-9287
-9556
-9337
-9625
-9247
-9115
-9334
-9481
-9152
-9478
-9061
-9541
-9275
-9533
-9136
-9604
-9486
-9216
-9545
-9699
-9288
-9401
-9469
-9631
-9665
-9083
-9117
-9267
-9286
-9533
-9538
-9589
-9723
-9188
-9430
-9573
-9625
-9404
-9564
-9582
-9151
-9141
-9151
-9242
-9339
-9590
-9293
-9710
-9552
-9540
-9738
-9315
-9548
-9509
-9134
-9285
-9674
-9655
-9163
-9531
-9272
-9473
-9138
-9203
-9165
-9196
-9429
-9118
-9198
-9548
-9720
-9536
-9506
-9747
-9473
-9134
-9239
-9758
-9544
-9257
-9759
-9704
-9528
-9413
-9662
-9697
-9490
-9614
-9410
-9324
-9637
-9593
-9195
-9542
-9388
-9748
-9278
-9584
-9250
-9433
-9562
-9794
-9447
-9469
-9558
-9483
-9609
-9683
-9429
-9416
-9571
-9304
-9225
-9440
-9172
-9290
-9195
-9746
-9461
-9181
-9376
-9266
-9659
-9481
-9440
-9657
-9753
-9654
-9789
-9308
-9727
-9280
-9689
-9462
-9478
-9764
-9282
-9280
-9202
-9269
-9565
-9643
-9470
-9550
-9680
-9433
-9660
-9398
-9831
-9622
-9318
-9637
-9728
-9303
-9442
-9405
-9528
-9350
-9291
-9215
-9644
-9560
-9674
-9277
-9715
-9610
-9821
-9395
-9405
-9725
-9782
-9478
-9516
-9263
-9812
-9576
-9704
-9350
-9450
-9784
-9591
-9548
-9723
-9696
-9352
-9734
-9375
-9285
-9493
-9709
-9730
-9284
-9589
-9501
-9698
-9526
-9431
-9855
-9749
-9838
-9873
-9407
-9310
-9773
-9679
-9513
-9635
-9621
-9341
-9641
-9434
-9420
-9888
-9491
-9440
-9293
-9346
-9709
-9782
-9912
-9643
-9581
-9802
-9290
-9280
-9544
-9538
-9370
-9566
-9443
-9733
-9525
-9573
-9568
-9350
-9860
-9651
-9310
-9543
-9636
-9525
-9917
-9754
-9931
-9746
-9918
-9718
-9833
-9390
-9385
-9580
-9669
-9838
-9888
-9347
-9328
-9893
-9389
-9864
-9490
-9865
-9461
-9789
-9486
-9669
-9520
-9725
-9722
-9634
-9360
-9600
-9685
-9527
-9777
-9603
-9476
-9596
-9762
-9348
-9622
-9611
-9650
-9628
-9537
-9487
-9491
-9605
-9839
-9768
-9785
-9633
-9933
-9598
-9752
-9673
-9838
-9964
-9462
-9906
-9413
-9860
-9741
-9399
-9691
-9732
-9638
-9802
-9917
-9599
-10003
-9857
-9719
-9437
-9757
-9628
-9632
-9461
-9970
-9383
-9479
-9587
-10001
-9475
-9875
-9941
-9994
-9735
-9863
-9464
-9677
-9888
-9478
-9494
-9595
-9571
-9552
-9500
-9582
-9983
-9751
-9557
-9658
-9664
-9989
-10016
-9640
-9810
-9398
-9454
-9676
-9861
-10040
-9618
-9552
-10042
-9675
-9433
-9456
-9612
-9970
-9711
-9739
-9901
-9914
-9892
-9650
-9707
-9955
-9886
-9687
-9848
-10060
-10026
-9929
-9657
-9670
-9430
-9814
-9496
-9439
-9792
-10074
-9609
-9849
-9788
-9832
-9958
-9570
-9823
-9763
-9509
-9637
-9658
-9890
-10016
-9625
-9920
-10042
-9742
-9593
-10007
-10016
-9757
-9677
-9527
-10038
-9606
-9535
-9822
-9778
-10104
-9992
-9499
-9706
-9578
-9869
-9892
-9756
-9999
-9526
-9647
-9771
-10039
-9876
-10082
-9925
-9869
-9784
-9695
-9603
-9806
-9670
-9702
-9879
-9808
-9847
-10106
-9740
-9900
-10118
-9854
-9508
-10117
-9875
-9500
-9996
-9518
-9760
-9685
-9756
-10062
-9669
-9561
-9741
-9932
-9733
-9968
-9633
-9567
-10090
-9818
-9830
-9872
-10079
-9754
-9647
-9707
-9668
-9998
-9926
-9667
-9697
-9924
-9580
-9629
-9849
-9559
-9991
-9696
-10153
-9676
-9741
-9641
-9871
-10016
-10095
-9742
-9882
-9836
-10015
-9842
-10141
-9887
-9697
-9636
-9961
-10141
-10099
-10032
-9564
-9903
-9580
-10150
-9862
-9874
-9812
-9910
-9740
-9560
-9809
-9626
-9592
-9956
-10017
-9911
-9868
-9612
-9991
-9792
-9598
-9598
-9843
-9844
-9589
-9717
-10219
-10158
-9706
-9978
-9957
-9953
-10131
-9876
-9658
-9897
-9972
-9644
-10194
-9714
-10020
-9729
-9597
-9713
-10207
-9825
-9881
-9684
-10116
-10143
-10155
-9926
-10088
-9974
-9968
-10154
-10223
-10143
-9769
-9855
-9799
-10091
-10117
-10081
-9643
-10245
-10137
-10066
-9893
-9780
-10042
-10107
-9829
-10222
-9941
-10168
-9740
-10246
-9771
-9714
-10036
-9845
-9763
-9751
-9713
-9811
-9829
-10088
-9837
-9797
-9997
-10155
-10019
-9656
-9925
-9897
-10100
-10178
-10049
-10062
-10040
-9862
-10196
-9739
-10119
-9832
-9757
-10090
-10226
-10259
-9846
-9905
-10166
-9741
-9743
-9837
-9905
-9813
-9843
-10060
-9913
-10140
-9888
-10125
-9991
-9778
-10308
-10264
-10073
-10238
-10306
-9797
-9894
-10088
-10091
-10086
-10214
-10169
-10097
-10322
-10020
-10283
-9871
-9842
-9814
-10117
-10020
-10141
-9721
-9887
-10103
-10342
-10264
-10193
-10110
-9879
-9926
-9812
-9875
-9899
-9817
-10046
-10071
-10115
-10029
-10000
-9876
-9724
-9891
-9866
-9928
-10159
-10065
-9809
-9769
-10257
-9845
-9920
-9922
-10002
-9904
-9835
-10263
-9976
-9796
-10205
-10162
-9902
-10129
-9932
-10205
-10379
-10140
-10092
-10274
-9836
-10145
-10254
-10341
-10189
-9968
-9761
-10102
-9921
-9958
-10022
-9985
-10234
-10371
-10366
-10293
-10287
-10335
-9801
-10285
-10062
-10276
-9969
-9890
-10262
-9926
-10130
-10013
-9850
-9946
-10317
-10019
-10104
-9969
-9871
-9882
-9898
-9817
-10130
-10057
-10197
-10343
-10152
-10381
-9916
-9979
-10004
-10324
-10416
-10353
-10367
-10224
-10324
-10302
-10181
-10257
-10320
-10377
-10228
-10281
-10413
-10078
-10071
-10017
-10420
-10331
-9971
-10370
-10275
-10270
-10137
-10266
-9974
-10443
-10062
-9967
-9873
-10416
-10310
-10441
-10302
-10456
-10400
-9977
-10203
-10448
-10275
-10331
-10295
-9978
-10163
-10327
-10403
-10439
-10100
-10476
-10084
-10128
-10357
-9939
-9873
-9902
-9898
-10158
-10062
-10109
-10204
-10371
-10262
-10100
-9904
-10148
-10317
-9987
-9861
-9990
-9900
-9918
-10071
-10463
-10474
-10066
-9974
-10250
-10146
-10263
-9956
-10007
-10365
-10300
-10470
-10054
-9959
-10033
-10014
-9986
-10325
-10145
-9925
-10280
-9930
-10396
-10424
-10209
-9899
-10117
-10473
-10420
-9912
-10158
-10050
-10168
-10537
-10198
-10453
-10330
-10330
-10278
-10028
-9904
-10047
-10084
-10252
-10047
-10292
-9994
-9935
-10384
-10212
-9959
-10056
-10420
-10456
-10076
-10521
-10039
-10245
-10243
-10234
-10111
-9949
-10221
-10402
-10399
-10195
-10472
-10516
-10199
-10183
-10157
-10285
-10495
-10522
-10280
-10573
-10206
-10106
-10374
-10052
-10529
-10352
-9963
-10124
-10472
-10172
-10251
-10049
-10276
-10333
-10225
-10170
-10164
-10292
-10255
-10171
-9966
-10441
-10249
-10145
-10604
-10584
-10192
-10339
-10277
-10224
-10085
-10116
-10211
-10234
-10427
-10476
-10083
-10130
-10493
-9983
-10485
-10023
-10453
-10443
-10316
-10456
-10094
-10033
-10143
-10366
-10029
-10112
-10194
-10463
-10544
-10240
-10633
-10197
-10326
-10503
-10256
-10282
-10059
-10296
-10090
-10223
-10037
-10379
-10099
-10288
-10405
-10563
-10022
-10244
-10207
-10639
-10608
-10405
-10070
-10591
-10376
-10055
-10285
-10337
-10334
-10036
-10132
-10478
-10468
-10273
-10072
-10305
-10435
-10128
-10402
-10415
-10646
-10457
-10162
-10121
-10619
-10300
-10516
-10119
-10442
-10625
-10466
-10469
-10346
-10087
-10406
-10684
-10131
-10519
-10660
-10635
-10547
-10579
-10171
-10683
-10196
-10213
-10193
-10390
-10099
-10326
-10298
-10626
-10623
-10704
-10400
-10677
-10458
-10562
-10118
-10163
-10100
-10414
-10090
-10124
-10671
-10298
-10091
-10255
-10430
-10432
-10279
-10391
-10311
-10641
-10361
-10097
-10471
-10414
-10279
-10130
-10537
-10605
-10118
-10724
-10608
-10265
-10210
-10115
-10658
-10641
-10447
-10198
-10583
-10367
-10493
-10501
-10397
-10494
-10302
-10607
-10729
-10277
-10684
-10134
-10676
-10494
-10594
-10170
-10291
-10480
-10417
-10335
-10450
-10426
-10269
-10590
-10199
-10324
-10726
-10180
-10650
-10545
-10676
-10372
-10715
-10168
-10144
-10410
-10673
-10432
-10328
-10174
-10215
-10700
-10763
-10688
-10706
-10292
-10252
-10580
-10658
-10606
-10649
-10366
-10359
-10643
-10244
-10753
-10438
-10748
-10226
-10727
-10475
-10270
-10446
-10547
-10200
-10543
-10425
-10631
-10488
-10247
-10254
-10492
-10628
-10745
-10398
-10185
-10524
-10215
-10228
-10746
-10673
-10352
-10421
-10688
-10344
-10760
-10219
-10424
-10831
-10577
-10431
-10774
-10520
-10531
-10792
-10514
-10658
-10572
-10448
-10779
-10424
-10628
-10630
-10344
-10614
-10416
-10541
-10416
-10782
-10546
-10303
-10369
-10622
-10444
-10707
-10252
-10825
-10739
-10629
-10253
-10749
-10422
-10388
-10754
-10796
-10543
-10748
-10273
-10388
-10625
-10750
-10393
-10805
-10821
-10295
-10359
-10440
-10576
-10358
-10657
-10498
-10309
-10504
-10392
-10706
-10836
-10857
-10810
-10428
-10629
-10511
-10511
-10626
-10406
-10437
-10642
-10723
-10705
-10283
-10438
-10772
-10476
-10470
-10491
-10309
-10481
-10596
-10735
-10890
-10635
-10768
-10357
-10689
-10799
-10454
-10755
-10624
-10704
-10421
-10398
-10443
-10872
-10813
-10513
-10538
-10406
-10343
-10819
-10354
-10654
-10785
-10303
-10906
-10717
-10665
-10458
-10331
-10781
-10725
-10843
-10910
-10826
-10496
-10763
-10882
-10584
-10517
-10663
-10850
-10568
-10765
-10498
-10606
-10678
-10386
-10868
-10699
-10727
-10896
-10710
-10660
-10907
-10796
-10521
-10725
-10679
-10873
-10867
-10742
-10674
-10373
-10666
-10754
-10568
-10353
-10936
-10714
-10691
-10894
-10398
-10403
-10469
-10749
-10480
-10440
-10463
-10417
-10404
-10830
-10785
-10798
-10963
-10787
-10884
-10863
-10795
-10367
-10492
-10495
-10508
-10694
-10939
-10916
-10899
-10492
-10961
-10648
-10585
-10659
-10830
-10560
-10503
-10834
-10404
-10723
-10563
-10498
-11008
-10814
-10797
-10993
-10581
-10786
-10396
-10795
-10580
-10554
-10879
-10610
-10924
-10926
-10731
-10716
-10721
-10480
-10517
-10739
-10559
-10695
-10720
-10565
-10933
-10428
-10929
-10689
-10867
-10877
-10626
-10892
-10598
-10613
-10769
-10790
-10999
-11004
-10490
-10607
-10701
-10510
-10818
-10600
-10778
-10851
-10598
-10654
-10920
-10708
-10778
-11020
-10848
-10972
-10759
-10801
-10595
-10496
-10833
-11017
-10863
-11009
-10822
-10732
-10920
-11063
-10990
-10755
-10884
-10503
-10695
-10806
-10620
-10497
-11077
-11067
-10780
-10853
-10626
-10713
-10585
-10720
-11011
-10984
-10641
-10679
-10628
-10664
-10885
-10946
-10603
-10810
-11110
-10649
-10577
-10663
-11106
-10983
-10853
-10649
-10558
-11082
-10900
-10619
-10774
-10816
-10518
-10578
-10982
-10634
-10811
-10798
-11073
-11130
-10586
-10968
-10509
-10577
-10504
-10624
-10918
-11055
-11098
-10683
-10685
-10844
-11095
-10598
-10873
-11096
-10769
-10936
-10806
-10664
-10838
-10626
-10954
-10746
-10612
-10906
-10769
-10667
-10918
-10590
-10928
-10795
-10978
-11018
-10559
-10701
-11002
-11176
-10723
-11115
-11087
-10666
-10902
-10900
-10975
-10863
-10660
-10612
-10837
-11138
-10724
-11150
-10831
-11167
-11098
-10602
-11021
-10636
-11124
-11147
-10559
-10626
-10804
-10976
-11161
-10849
-10809
-10630
-10597
-10737
-10588
-10621
-10668
-10821
-11027
-11104
-11130
-10686
-10918
-10782
-10617
-10659
-11086
-10829
-11122
-10640
-11022
-11181
-11226
-10895
-10855
-11208
-11035
-10833
-11146
-11214
-11218
-10689
-11009
-10749
-11187
-10798
-10689
-10833
-11213
-10801
-10924
-10648
-10939
-10809
-11156
-10928
-11187
-10646
-11155
-10701
-11254
-10894
-11011
-11179
-10958
-10910
-11183
-11244
-11222
-11055
-10865
-11107
-11153
-10864
-10891
-11260
-11114
-11112
-10789
-10834
-10745
-11043
-11154
-10738
-10915
-11201
-10686
-10871
-11208
-10905
-11207
-11200
-10866
-10767
-11190
-10677
-10770
-11172
-11175
-10936
-11171
-10929
-10942
-11144
-10772
-11129
-10781
-11233
-10936
-11044
-10987
-10726
-11034
-10854
-10837
-11261
-10888
-10695
-11185
-10778
-11144
-10734
-10962
-10956
-10768
-10825
-10884
-11276
-11179
-11127
-11038
-11130
-11245
-10859
-10778
-11245
-11230
-11002
-11062
-11277
-11214
-10707
-11265
-11035
-10852
-10812
-10979
-10957
-11224
-11190
-11095
-10786
-11230
-11008
-11194
-11314
-11068
-11286
-10975
-10867
-10758
-11198
-10761
-11128
-11024
-11052
-10872
-10756
-10825
-10973
-11259
-10805
-10760
-11158
-10831
-11056
-10784
-11302
-11070
-10834
-10921
-11081
-11356
-10807
-11322
-11198
-11355
-11081
-11037
-10785
-11099
-11381
-11251
-11120
-11320
-11221
-11349
-10926
-10965
-10874
-11177
-10821
-11198
-11384
-10869
-11347
-11087
-11169
-10812
-10803
-11181
-10905
-11367
-10877
-11099
-11084
-11003
-10785
-11186
-10838
-10842
-10811
-11318
-10895
-10828
-10826
-10917
-11300
-11167
-10786
-11385
-10935
-11084
-11086
-11383
-11418
-10815
-10941
-11283
-11008
-10989
-11256
-11178
-10806
-11092
-10865
-11246
-11192
-11376
-11127
-10953
-11352
-10846
-11091
-11314
-11249
-11324
-11228
-11224
-11180
-10875
-11410
-10823
-11416
-11023
-10922
-11349
-10881
-10848
-10889
-11217
-10839
-11071
-11213
-11460
-11388
-11049
-10933
-11227
-11145
-11172
-10899
-10939
-11294
-10997
-11122
-11147
-11021
-11311
-11252
-10903
-10990
-11407
-11041
-11371
-11419
-11294
-11061
-11425
-11115
-11417
-11479
-11477
-11467
-10962
-11035
-11370
-11252
-11231
-10939
-11005
-10969
-11337
-11145
-10891
-10990
-10982
-11084
-10883
-11306
-10933
-11125
-11111
-11082
-10982
-11012
-11522
-11523
-11510
-11428
-11452
-10890
-11513
-11397
-11083
-11513
-11017
-11376
-11435
-11204
-11447
-11386
-10940
-11052
-11188
-11537
-11278
-10955
-11127
-11339
-11135
-11425
-11522
-11046
-10966
-11197
-11468
-11472
-11395
-11057
-11474
-11377
-11059
-10975
-11161
-11337
-10939
-11498
-11553
-10990
-11173
-11469
-11570
-11362
-11185
-11031
-10971
-11139
-11260
-11209
-11518
-11253
-11036
-11236
-11029
-10970
-10970
-11266
-11344
-11495
-11390
-11186
-11280
-11238
-11212
-11388
-11229
-11536
-11091
-11138
-10983
-11323
-11497
-11390
-11291
-11383
-11302
-11204
-11092
-11591
-11202
-11501
-11323
-11515
-11342
-11554
-11550
-11067
-11492
-11336
-11522
-11114
-11094
-11005
-11608
-11280
-11309
-11244
-11411
-11150
-11521
-11002
-11439
-11013
-11327
-11151
-11226
-11158
-11207
-11370
-11481
-11253
-11112
-11313
-11019
-11048
-11435
-11032
-11152
-11491
-11011
-11213
-11027
-11170
-11238
-11056
-11493
-11308
-11256
-11168
-11624
-11035
-11655
-11602
-11114
-11117
-11033
-11525
-11180
-11136
-11417
-11070
-11310
-11348
-11370
-11657
-11212
-11117
-11035
-11535
-11130
-11384
-11600
-11129
-11565
-11141
-11179
-11083
-11256
-11132
-11630
-11497
-11336
-11341
-11505
-11113
-11422
-11573
-11437
-11270
-11140
-11431
-11113
-11659
-11475
-11588
-11516
-11379
-11681
-11344
-11641
-11699
-11211
-11458
-11354
-11342
-11171
-11609
-11529
-11690
-11168
-11705
-11711
-11355
-11080
-11507
-11133
-11238
-11423
-11678
-11168
-11689
-11600
-11120
-11279
-11425
-11580
-11273
-11449
-11313
-11470
-11548
-11440
-11618
-11718
-11340
-11445
-11530
-11281
-11254
-11588
-11387
-11152
-11627
-11311
-11215
-11359
-11549
-11658
-11719
-11678
-11421
-11499
-11685
-11661
-11552
-11212
-11672
-11353
-11478
-11611
-11132
-11192
-11163
-11682
-11734
-11677
-11405
-11630
-11682
-11561
-11325
-11721
-11349
-11677
-11166
-11242
-11540
-11357
-11599
-11456
-11231
-11583
-11349
-11520
-11306
-11654
-11788
-11635
-11426
-11475
-11696
-11315
-11481
-11636
-11739
-11582
-11757
-11231
-11666
-11247
-11500
-11696
-11539
-11345
-11205
-11215
-11219
-11785
-11463
-11509
-11234
-11329
-11276
-11646
-11332
-11322
-11535
-11783
-11187
-11544
-11501
-11560
-11377
-11573
-11814
-11349
-11251
-11595
-11597
-11505
-11277
-11278
-11446
-11699
-11834
-11651
-11582
-11592
-11543
-11787
-11230
-11815
-11843
-11661
-11836
-11247
-11664
-11699
-11217
-11361
-11734
-11757
-11610
-11288
-11226
-11372
-11319
-11526
-11713
-11313
-11440
-11702
-11867
-11343
-11325
-11492
-11776
-11510
-11344
-11482
-11836
-11516
-11774
-11835
-11626
-11631
-11601
-11392
-11745
-11362
-11846
-11789
-11738
-11465
-11558
-11851
-11374
-11515
-11512
-11358
-11552
-11472
-11660
-11873
-11334
-11313
-11604
-11279
-11758
-11615
-11276
-11367
-11822
-11577
-11484
-11887
-11755
-11385
-11795
-11764
-11648
-11747
-11356
-11694
-11863
-11796
-11845
-11906
-11377
-11923
-11758
-11463
-11747
-11294
-11806
-11743
-11621
-11417
-11755
-11560
-11857
-11535
-11533
-11435
-11375
-11526
-11664
-11823
-11859
-11864
-11625
-11328
-11892
-11673
-11716
-11926
-11593
-11776
-11951
-11568
-11828
-11818
-11739
-11820
-11869
-11862
-11737
-11407
-11802
-11663
-11833
-11928
-11668
-11792
-11521
-11525
-11875
-11716
-11859
-11687
-11425
-11886
-11971
-11753
-11729
-11423
-11616
-11363
-11613
-11945
-11693
-11552
-11898
-11803
-11617
-11767
-11610
-11954
-11544
-11548
-11894
-11449
-11704
-11728
-11867
-11506
-11682
-11613
-11799
-11912
-11776
-12007
-11541
-11740
-11577
-11984
-11962
-11719
-11532
-11806
-11501
-11694
-11646
-11707
-11398
-11410
-11466
-11565
-11770
-11473
-11470
-11876
-11943
-11851
-11440
-11907
-11396
-11917
-11889
-11477
-11418
-11420
-11530
-11548
-11554
-11761
-11553
-11872
-11960
-11542
-11881
-11524
-11979
-11820
-11772
-11662
-11605
-11943
-11972
-11961
-11748
-11588
-11571
-11583
-11788
-11484
-11493
-12000
-11517
-11523
-12008
-11645
-11855
-11843
-12055
-11772
-11433
-11744
-11583
-11926
-11611
-11661
-11972
-11717
-11957
-11678
-11680
-11588
-11538
-11619
-11880
-12041
-11521
-11618
-11957
-11807
-11555
-11855
-12029
-11897
-11733
-11584
-11715
-11830
-11776
-11941
-11895
-11497
-11874
-11907
-11696
-11782
-11904
-11829
-11859
-11486
-11890
-11825
-11935
-12058
-11761
-12102
-11488
-11737
-12001
-11943
-11740
-11647
-11877
-11700
-12123
-11508
-11788
-11892
-11941
-12106
-11825
-11520
-11653
-11931
-11828
-11697
-12011
-11823
-11732
-11902
-11787
-11804
-12122
-11932
-11617
-11814
-11861
-11801
-11860
-12089
-11886
-11959
-12129
-11773
-11682
-11730
-11812
-12018
-11855
-11746
-11638
-11927
-12065
-11634
-11578
-11541
-11681
-12108
-11795
-12065
-11648
-12046
-11753
-11547
-11852
-11796
-12101
-11835
-11835
-11751
-11905
-11979
-11714
-11716
-11686
-11682
-12063
-11678
-11944
-12179
-11798
-11628
-11721
-11859
-11739
-11911
-12169
-11885
-11944
-11927
-11600
-11850
-12044
-12207
-11932
-12170
-11741
-11809
-11702
-11865
-11665
-11783
-12188
-11839
-11758
-11839
-12186
-11733
-11903
-12079
-12173
-11928
-11996
-11848
-11818
-12200
-11972
-12039
-11858
-11692
-11964
-11795
-12098
-11855
-11773
-11766
-11779
-12105
-12069
-11720
-12067
-12060
-11881
-11962
-11813
-12011
-12079
-12170
-11960
-11833
-11792
-12107
-12186
-11636
-12006
-11865
-12130
-11982
-11913
-11999
-12112
-11700
